48
0.00000E+00 -3.08610E-01 -9.51190E-01
3.02470E-02 -2.18220E-01 -9.51190E-01
3.02470E-02  2.18220E-01 -9.51190E-01
0.00000E+00 -6.17210E-01 -7.86800E-01
2.26850E-02 -5.77350E-01 -7.86800E-01
2.26850E-02 -2.18220E-01 -7.86800E-01
2.26850E-02  2.18220E-01 -7.86800E-01
2.26850E-02  5.77350E-01 -7.86800E-01
0.00000E+00 -8.16500E-01 -5.77350E-01
2.26850E-02 -7.86800E-01 -5.77350E-01
2.31480E-02 -5.77350E-01 -5.77350E-01
2.26850E-02 -2.18220E-01 -5.77350E-01
2.26850E-02  2.18220E-01 -5.77350E-01
2.31480E-02  5.77350E-01 -5.77350E-01
2.26850E-02  7.86800E-01 -5.77350E-01
0.00000E+00 -9.75900E-01 -2.18220E-01
3.02470E-02 -9.51190E-01 -2.18220E-01
2.26850E-02 -7.86800E-01 -2.18220E-01
2.26850E-02 -5.77350E-01 -2.18220E-01
3.02470E-02 -2.18220E-01 -2.18220E-01
3.02470E-02  2.18220E-01 -2.18220E-01
2.26850E-02  5.77350E-01 -2.18220E-01
2.26850E-02  7.86800E-01 -2.18220E-01
3.02470E-02  9.51190E-01 -2.18220E-01
0.00000E+00 -3.08610E-01  9.51190E-01
3.02470E-02 -2.18220E-01  9.51190E-01
3.02470E-02  2.18220E-01  9.51190E-01
0.00000E+00 -6.17210E-01  7.86800E-01
2.26850E-02 -5.77350E-01  7.86800E-01
2.26850E-02 -2.18220E-01  7.86800E-01
2.26850E-02  2.18220E-01  7.86800E-01
2.26850E-02  5.77350E-01  7.86800E-01
0.00000E+00 -8.16500E-01  5.77350E-01
2.26850E-02 -7.86800E-01  5.77350E-01
2.31480E-02 -5.77350E-01  5.77350E-01
2.26850E-02 -2.18220E-01  5.77350E-01
2.26850E-02  2.18220E-01  5.77350E-01
2.31480E-02  5.77350E-01  5.77350E-01
2.26850E-02  7.86800E-01  5.77350E-01
0.00000E+00 -9.75900E-01  2.18220E-01
3.02470E-02 -9.51190E-01  2.18220E-01
2.26850E-02 -7.86800E-01  2.18220E-01
2.26850E-02 -5.77350E-01  2.18220E-01
3.02470E-02 -2.18220E-01  2.18220E-01
3.02470E-02  2.18220E-01  2.18220E-01
2.26850E-02  5.77350E-01  2.18220E-01
2.26850E-02  7.86800E-01  2.18220E-01
3.02470E-02  9.51190E-01  2.18220E-01
