Gamma group energies for non Compton events
 0.13999997E+08 0.12000005E+08 0.10000000E+08 0.79999965E+07 0.61878340E+07
 0.48675225E+07 0.41478290E+07 0.35345468E+07 0.30119420E+07 0.27803730E+07
 0.25666078E+07 0.23692775E+07 0.21871190E+07 0.20189653E+07 0.18637398E+07
 0.17204486E+07 0.15881743E+07 0.14660696E+07 0.13533528E+07 0.12493021E+07
 0.11532513E+07 0.10645850E+07 0.98273588E+06 0.90717950E+06 0.83743225E+06
 0.77304738E+06 0.71361269E+06 0.65874756E+06 0.60810063E+06 0.56134763E+06
 0.51818916E+06 0.50377028E+06 0.45501953E+06 0.40762203E+06 0.37628256E+06
 0.34735259E+06 0.32064684E+06 0.29599434E+06 0.27323722E+06 0.25222975E+06
 0.23283741E+06 0.21493602E+06 0.19841095E+06 0.18315639E+06 0.16907466E+06
 0.15607558E+06 0.14407592E+06 0.13299884E+06 0.12277340E+06 0.11333413E+06
 0.10462059E+06 0.96576977E+05 0.89151781E+05 0.82297469E+05 0.75970141E+05
 0.70129281E+05 0.64737484E+05 0.59760230E+05 0.55165645E+05 0.50924309E+05
 0.47009063E+05 0.43394832E+05 0.40058480E+05 0.36978637E+05 0.34135586E+05
 0.29088426E+05 0.24787521E+05 0.21122533E+05 0.17999436E+05 0.14158857E+05
 0.99999531E+04
Neutron group energies for fast cross sections
  .16904588E+08  .14918247E+08  .13498588E+08  .11912462E+08  .10000000E+08
  .77880080E+07  .60653065E+07  .47236655E+07  .36787945E+07  .28650480E+07
  .22313015E+07  .17377394E+07  .13533528E+07  .10539922E+07  .82085000E+06
  .63927862E+06  .49787069E+06  .38774209E+06  .30197384E+06  .23517745E+06
  .18315639E+06  .14264234E+06  .11108997E+06  .86516953E+05  .67379469E+05
  .52475184E+05  .40867715E+05  .31827809E+05  .24787521E+05  .19304541E+05
  .15034392E+05  .11708796E+05  .91188193E+04  .71017441E+04  .55308438E+04
  .43074253E+04  .33546262E+04  .26125857E+04  .20346837E+04  .15846133E+04
  .12340980E+04  .96111652E+03  .74851831E+03  .58294666E+03  .45399930E+03
  .35357501E+03  .27536450E+03  .21445409E+03  .16701701E+03  .13007298E+03
  .10130094E+03  .78893250E+02  .61442123E+02  .47851173E+02  .37266533E+02
  .29023205E+02  .22603294E+02  .17603462E+02  .13709591E+02  .10677040E+02
  .83152876E+01  .64759521E+01  .50434766E+01  .39278636E+01  .30590231E+01
  .23823698E+01  .18553914E+01  .14449801E+01  .11253517E+01  .87642485E+00
  .68256032E+00  .53157854E+00  .41399378E+00
Thermal group energies for scatter kernels
2.3823,1.8554,1.445,1.1253,.87641,.68255,.53157,.41399
,.38,.36,.33,.31,.3,.29,.28,.26,.24,.22,.18,.16,.14,.1,.08,.06
,.04,.0253,.015,.007,.004,0.0/
