03/06/84GAMMA CS LIB FROM DLC99HUGO LIB           100    0   70
 0.13999997E+08 0.12000005E+08 0.10000000E+08 0.79999965E+07 0.61878340E+07
 0.48675225E+07 0.41478290E+07 0.35345468E+07 0.30119420E+07 0.27803730E+07
 0.25666078E+07 0.23692775E+07 0.21871190E+07 0.20189653E+07 0.18637398E+07
 0.17204486E+07 0.15881743E+07 0.14660696E+07 0.13533528E+07 0.12493021E+07
 0.11532513E+07 0.10645850E+07 0.98273588E+06 0.90717950E+06 0.83743225E+06
 0.77304738E+06 0.71361269E+06 0.65874756E+06 0.60810063E+06 0.56134763E+06
 0.51818916E+06 0.50377028E+06 0.45501953E+06 0.40762203E+06 0.37628256E+06
 0.34735259E+06 0.32064684E+06 0.29599434E+06 0.27323722E+06 0.25222975E+06
 0.23283741E+06 0.21493602E+06 0.19841095E+06 0.18315639E+06 0.16907466E+06
 0.15607558E+06 0.14407592E+06 0.13299884E+06 0.12277340E+06 0.11333413E+06
 0.10462059E+06 0.96576977E+05 0.89151781E+05 0.82297469E+05 0.75970141E+05
 0.70129281E+05 0.64737484E+05 0.59760230E+05 0.55165645E+05 0.50924309E+05
 0.47009063E+05 0.43394832E+05 0.40058480E+05 0.36978637E+05 0.34135586E+05
 0.29088426E+05 0.24787521E+05 0.21122533E+05 0.17999436E+05 0.14158857E+05
 0.99999531E+04
 HYDROGEN    RAFFLE LIB 70 GP DLC99HUGO                                     
    1   70    1    1    0    4    2    1 1964    1    0 1120    2    2    0
    0    0    0  682   22   30    0    0    0    0    0    0    0    0    0
    0 0.00000000E+00 0.00000000E+00
 0.64245997E-10 0.76973997E-10 0.95985997E-10 0.12553000E-09 0.16699001E-09
 0.21212000E-09 0.25819000E-09 0.31639000E-09 0.37046999E-09 0.41416001E-09
 0.46300999E-09 0.51762999E-09 0.57867999E-09 0.65046002E-09 0.73724998E-09
 0.83569002E-09 0.94777997E-09 0.10848000E-08 0.12456000E-08 0.14302000E-08
 0.16423000E-08 0.18869999E-08 0.22096001E-08 0.26091000E-08 0.30876000E-08
 0.37173999E-08 0.44920001E-08 0.54281002E-08 0.66066002E-08 0.81445002E-08
 0.93811003E-08 0.11225000E-07 0.15115999E-07 0.19824000E-07 0.25206001E-07
 0.32062001E-07 0.40791999E-07 0.52402001E-07 0.67649999E-07 0.87335003E-07
 0.11275000E-06 0.14555999E-06 0.18902000E-06 0.24637001E-06 0.32112001E-06
 0.41886000E-06 0.54854002E-06 0.71884000E-06 0.94200999E-06 0.12345000E-05
 0.16182000E-05 0.21256001E-05 0.27932999E-05 0.36719000E-05 0.48316001E-05
 0.63583002E-05 0.83672003E-05 0.11016000E-04 0.14508000E-04 0.19110001E-04
 0.25179999E-04 0.33179000E-04 0.43724001E-04 0.57624999E-04 0.87535002E-04
 0.15206001E-03 0.26415999E-03 0.45887000E-03 0.92080998E-03 0.25676000E-02
 0.42158000E-01 0.47750000E-01 0.55330001E-01 0.65539002E-01 0.77827998E-01
 0.89038000E-01 0.98780997E-01 0.10926000E+00 0.11776000E+00 0.12348000E+00
 0.12947001E+00 0.13575000E+00 0.14234000E+00 0.14906000E+00 0.15578000E+00
 0.16281000E+00 0.17013000E+00 0.17738000E+00 0.18479000E+00 0.19250999E+00
 0.20055000E+00 0.20892000E+00 0.21721999E+00 0.22566999E+00 0.23440000E+00
 0.24308001E+00 0.25198999E+00 0.26122999E+00 0.27063999E+00 0.28004000E+00
 0.28663000E+00 0.29435000E+00 0.30728999E+00 0.31927001E+00 0.32916999E+00
 0.33937001E+00 0.34987000E+00 0.36001000E+00 0.37006000E+00 0.38038999E+00
 0.39100999E+00 0.40191999E+00 0.41233999E+00 0.42245001E+00 0.43281999E+00
 0.44323999E+00 0.45267999E+00 0.46211001E+00 0.47174001E+00 0.48157001E+00
 0.49146000E+00 0.50028002E+00 0.50898999E+00 0.51756001E+00 0.52524000E+00
 0.53293997E+00 0.54075998E+00 0.54798001E+00 0.55469000E+00 0.56116998E+00
 0.56696999E+00 0.57279998E+00 0.57804000E+00 0.58261001E+00 0.58939999E+00
 0.59626001E+00 0.60192001E+00 0.60676003E+00 0.60868001E+00 0.60391998E+00
 0.41165999E-02 0.35810000E-02 0.29708999E-02 0.22789000E-02 0.16534000E-02
 0.12041000E-02 0.90653001E-03 0.65365998E-03 0.49534999E-03 0.39743001E-03
