88/10/28RAFFLE LIBRARY FROM NDRAFL                162   18   72
  .16904588E+08  .14918247E+08  .13498588E+08  .11912462E+08  .10000000E+08
  .77880080E+07  .60653065E+07  .47236655E+07  .36787945E+07  .28650480E+07
  .22313015E+07  .17377394E+07  .13533528E+07  .10539922E+07  .82085000E+06
  .63927862E+06  .49787069E+06  .38774209E+06  .30197384E+06  .23517745E+06
  .18315639E+06  .14264234E+06  .11108997E+06  .86516953E+05  .67379469E+05
  .52475184E+05  .40867715E+05  .31827809E+05  .24787521E+05  .19304541E+05
  .15034392E+05  .11708796E+05  .91188193E+04  .71017441E+04  .55308438E+04
  .43074253E+04  .33546262E+04  .26125857E+04  .20346837E+04  .15846133E+04
  .12340980E+04  .96111652E+03  .74851831E+03  .58294666E+03  .45399930E+03
  .35357501E+03  .27536450E+03  .21445409E+03  .16701701E+03  .13007298E+03
  .10130094E+03  .78893250E+02  .61442123E+02  .47851173E+02  .37266533E+02
  .29023205E+02  .22603294E+02  .17603462E+02  .13709591E+02  .10677040E+02
  .83152876E+01  .64759521E+01  .50434766E+01  .39278636E+01  .30590231E+01
  .23823698E+01  .18553914E+01  .14449801E+01  .11253517E+01  .87642485E+00
  .68256032E+00  .53157854E+00  .41399378E+00
SPECTRUM NUMBER 1  U-235 ENDF/B-IV  MAT 1261  (THERM FISS)              
 4.88531514E-05 8.97730570E-05 2.98308179E-04 1.28116668E-03 6.48295693E-03
 1.89252291E-02 4.04165350E-02 6.74773976E-02 9.28381085E-02 1.09742209E-01
 1.15182839E-01 1.10156320E-01 9.79632884E-02 8.23124275E-02 6.61649257E-02
 5.13785332E-02 3.88357751E-02 2.87447385E-02 2.09302064E-02 1.50469039E-02
 1.07103325E-02 7.56475562E-03 5.31087676E-03 3.71104479E-03 2.58366112E-03
 1.79364684E-03 1.24243484E-03 8.59130174E-04 5.93279197E-04 4.09263972E-04
 2.82093417E-04 1.94314824E-04 1.33783818E-04 9.20732709E-05 6.33480086E-05
 4.35743204E-05 2.99674011E-05 2.06065779E-05 1.41681967E-05 9.74060458E-06
 6.69619476E-06 4.60306956E-06 3.16409387E-06 2.17489037E-06 1.49490882E-06
 1.02750425E-06 7.06229912E-07 4.85404200E-07 3.33623774E-07 2.29301747E-07
 1.57599686E-07 1.08318211E-07 7.44468238E-08 5.11669711E-08 3.51667602E-08
 2.41698714E-08 1.66117662E-08 1.14171268E-08 7.84688936E-09 5.39309442E-09
 3.70662168E-09 2.54752441E-09 1.75088799E-09 1.20336741E-09 8.27062030E-10
 5.68431135E-10 3.90676741E-10 2.68508021E-10 1.84542714E-10 1.26834265E-10
 8.71718392E-11 5.99122765E-11
SPECTRUM NUMBER 2  U-238 ENDF/B-IV  MAT 1262  (THERM FISS)              
 3.77026445E-05 7.19446689E-05 2.45843490E-04 1.09137397E-03 5.74125350E-03
 1.73379332E-02 3.80298570E-02 6.48422688E-02 9.06981453E-02 1.08609520E-01
 1.15154997E-01 1.11005731E-01 9.93316174E-02 8.38664174E-02 6.76687211E-02
 5.27010113E-02 3.99268419E-02 2.96051670E-02 2.15867665E-02 1.55357616E-02
 1.10676559E-02 7.82228541E-03 5.49449539E-03 3.84088582E-03 2.67489045E-03
 1.85743091E-03 1.28686032E-03 8.89980816E-04 6.14653807E-04 4.24046739E-04
 2.92303041E-04 2.01358431E-04 1.38639123E-04 9.54179413E-05 6.56508782E-05
 4.51592641E-05 3.10578980E-05 2.13566964E-05 1.46840848E-05 1.00953503E-05
 6.94010487E-06 4.77075855E-06 3.27937232E-06 2.25413510E-06 1.54938084E-06
 1.06494656E-06 7.31965883E-07 5.03093474E-07 3.45782070E-07 2.37658369E-07
 1.63343302E-07 1.12265830E-07 7.71600313E-08 5.30317621E-08 3.64484265E-08
 2.50507561E-08 1.72171912E-08 1.18332322E-08 8.13287571E-09 5.58965008E-09
 3.84171273E-09 2.64037125E-09 1.81470072E-09 1.24722532E-09 8.57205085E-10
 5.89148119E-10 4.04915351E-10 2.78294054E-10 1.91268557E-10 1.31456845E-10
 9.03489020E-11 6.20958354E-11
SPECTRUM NUMBER 3  PU-239 ENDF/B-IV  MAT 1264  (THERM FISS)             
 8.18143671E-05 1.39297714E-04 4.37773211E-04 1.76010199E-03 8.24295543E-03
