directory
 1001.95c .999170 100xs1 0 1 1 3908 0 0 2.5507E-08                              
 4009.21c 8.934761 100xs1 0 1 990 28964 0 0 2.5852E-08                          
 6012.21c 11.896910 100xs1 0 1 8243 28809 0 0 2.5852E-08                        
 7014.98c 13.882780 n14.ace 0 1 1 85115 0 0 2.5852E-08
 8016.21c 15.857510 100xs1 0 1 15458 45016 0 0 2.5852E-08                       
 13027.21c 26.749750 100xs1 0 1 26724 35022 0 0 2.5852E-08                      
 14000.21c 27.844000 100xs1 0 1 35492 76399 0 0 2.5852E-08                      
 20040.21c 39.619290 100xs1 0 1 54604 53013 0 0 2.5852E-08                      
 26000.21c 55.365000 100xs1 0 1 67870 149855 0 0 2.5852E-08                     
 74000.21c 182.270600 100xs1 0 1 105346 194513 0 0 2.5852E-08                   
 92238.21c 236.006000 100xs1 0 1 153987 279245 0 0 2.5852E-08                   
