  131
  0.00000E+00  -2.52980E-02   9.99680E-01
  1.66820E-04  -1.99370E-02   9.99680E-01
  1.53650E-05  -4.61060E-03   9.99680E-01
  8.77990E-06  -2.20510E-03   9.99680E-01
  6.58510E-06  -6.62320E-04   9.99680E-01
  6.58510E-06   6.62320E-04   9.99680E-01
  8.77990E-06   2.20510E-03   9.99680E-01
  1.53650E-05   4.61060E-03   9.99680E-01
  1.66820E-04   1.99370E-02   9.99680E-01
  0.00000E+00  -5.72480E-02   9.98360E-01
  3.90650E-04  -4.51130E-02   9.98360E-01
  3.59810E-05  -1.04330E-02   9.98360E-01
  2.05600E-05  -4.98970E-03   9.98360E-01
  1.54210E-05  -1.49870E-03   9.98360E-01
  1.54210E-05   1.49870E-03   9.98360E-01
  2.05600E-05   4.98970E-03   9.98360E-01
  3.59810E-05   1.04330E-02   9.98360E-01
  3.90650E-04   4.51130E-02   9.98360E-01
  0.00000E+00  -8.95760E-02   9.95980E-01
  6.14480E-04  -7.05870E-02   9.95980E-01
  5.65970E-05  -1.63240E-02   9.95980E-01
  3.23410E-05  -7.80720E-03   9.95980E-01
  2.42560E-05  -2.34500E-03   9.95980E-01
  2.42560E-05   2.34500E-03   9.95980E-01
  3.23410E-05   7.80720E-03   9.95980E-01
  5.65970E-05   1.63240E-02   9.95980E-01
  6.14480E-04   7.05870E-02   9.95980E-01
  0.00000E+00  -1.21920E-01   9.92540E-01
  8.36200E-04  -9.60740E-02   9.92540E-01
  7.70180E-05  -2.22180E-02   9.92540E-01
  4.40100E-05  -1.06260E-02   9.92540E-01
  3.30080E-05  -3.19170E-03   9.92540E-01
  3.30080E-05   3.19170E-03   9.92540E-01
  4.40100E-05   1.06260E-02   9.92540E-01
  7.70180E-05   2.22180E-02   9.92540E-01
  8.36200E-04   9.60740E-02   9.92540E-01
  0.00000E+00  -1.54130E-01   9.88050E-01
  1.05790E-03  -1.21460E-01   9.88050E-01
  9.74390E-05  -2.80890E-02   9.88050E-01
  5.56800E-05  -1.34340E-02   9.88050E-01
  4.17610E-05  -4.03500E-03   9.88050E-01
  4.17610E-05   4.03500E-03   9.88050E-01
  5.56800E-05   1.34340E-02   9.88050E-01
  9.74390E-05   2.80890E-02   9.88050E-01
  1.05790E-03   1.21460E-01   9.88050E-01
  0.00000E+00  -1.86210E-01   9.82510E-01
  1.27760E-03  -1.46740E-01   9.82510E-01
  1.17670E-04  -3.39340E-02   9.82510E-01
  6.72400E-05  -1.62300E-02   9.82510E-01
  5.04310E-05  -4.87470E-03   9.82510E-01
  5.04310E-05   4.87470E-03   9.82510E-01
  6.72400E-05   1.62300E-02   9.82510E-01
  1.17670E-04   3.39340E-02   9.82510E-01
  1.27760E-03   1.46740E-01   9.82510E-01
  0.00000E+00  -2.18080E-01   9.75930E-01
  1.49710E-03  -1.71850E-01   9.75930E-01
  1.37890E-04  -3.97430E-02   9.75930E-01
  7.87950E-05  -1.90080E-02   9.75930E-01
  5.90970E-05  -5.70910E-03   9.75930E-01
  5.90970E-05   5.70910E-03   9.75930E-01
  7.87950E-05   1.90080E-02   9.75930E-01
  1.37890E-04   3.97430E-02   9.75930E-01
  1.49710E-03   1.71850E-01   9.75930E-01
  0.00000E+00  -2.49710E-01   9.68320E-01
  1.71460E-03  -1.96780E-01   9.68320E-01
  1.57930E-04  -4.55070E-02   9.68320E-01
  9.02440E-05  -2.17640E-02   9.68320E-01
  6.76840E-05  -6.53710E-03   9.68320E-01
  6.76840E-05   6.53710E-03   9.68320E-01
  9.02440E-05   2.17640E-02   9.68320E-01
  1.57930E-04   4.55070E-02   9.68320E-01
  1.71460E-03   1.96780E-01   9.68320E-01
  0.00000E+00  -2.81100E-01   9.59680E-01
  1.93010E-03  -2.21510E-01   9.59680E-01
  1.77770E-04  -5.12260E-02   9.59680E-01
  1.01580E-04  -2.45000E-02   9.59680E-01
  7.61870E-05  -7.35870E-03   9.59680E-01
  7.61870E-05   7.35870E-03   9.59680E-01
  1.01580E-04   2.45000E-02   9.59680E-01
  1.77770E-04   5.12260E-02   9.59680E-01
  1.93010E-03   2.21510E-01   9.59680E-01
  0.00000E+00  -3.12160E-01   9.50030E-01
  2.14540E-03  -2.45980E-01   9.50030E-01
  1.97600E-04  -5.68870E-02   9.50030E-01
  1.12910E-04  -2.72070E-02   9.50030E-01
  8.46880E-05  -8.17190E-03   9.50030E-01
  8.46880E-05   8.17190E-03   9.50030E-01
  1.12910E-04   2.72070E-02   9.50030E-01
  1.97600E-04   5.68870E-02   9.50030E-01
  2.14540E-03   2.45980E-01   9.50030E-01
  0.00000E+00  -3.42910E-01   9.39370E-01
  2.35660E-03  -2.70210E-01   9.39370E-01
  2.17050E-04  -6.24900E-02   9.39370E-01
  1.24030E-04  -2.98870E-02   9.39370E-01
  9.30240E-05  -8.97680E-03   9.39370E-01
  9.30240E-05   8.97680E-03   9.39370E-01
  1.24030E-04   2.98870E-02   9.39370E-01
  2.17050E-04   6.24900E-02   9.39370E-01
  2.35660E-03   2.70210E-01   9.39370E-01
  0.00000E+00  -5.01670E-01   8.65060E-01
  2.44470E-02  -4.33400E-01   8.65060E-01
  1.29240E-02  -1.48880E-01   8.65060E-01
  1.29240E-02   1.48880E-01   8.65060E-01
  2.44470E-02   4.33400E-01   8.65060E-01
  0.00000E+00  -7.33770E-01   6.79400E-01
  2.70170E-02  -6.79420E-01   6.79400E-01
  8.55190E-03  -4.33400E-01   6.79400E-01
  1.92140E-02  -1.48880E-01   6.79400E-01
  1.92140E-02   1.48880E-01   6.79400E-01
  8.55190E-03   4.33400E-01   6.79400E-01
  2.70170E-02   6.79420E-01   6.79400E-01
  0.00000E+00  -9.01210E-01   4.33390E-01
  2.44470E-02  -8.65070E-01   4.33390E-01
  8.55190E-03  -6.79410E-01   4.33390E-01
  2.74740E-02  -4.33400E-01   4.33390E-01
  6.85850E-03  -1.48870E-01   4.33390E-01
  6.85850E-03   1.48870E-01   4.33390E-01
  2.74740E-02   4.33400E-01   4.33390E-01
  8.55190E-03   6.79410E-01   4.33390E-01
  2.44470E-02   8.65070E-01   4.33390E-01
  0.00000E+00  -9.88860E-01   1.48870E-01
  1.66720E-02  -9.73910E-01   1.48870E-01
  1.29240E-02  -8.65060E-01   1.48870E-01
  1.92150E-02  -6.79410E-01   1.48870E-01
  6.85860E-03  -4.33400E-01   1.48870E-01
  1.82290E-02  -1.48870E-01   1.48870E-01
  1.82290E-02   1.48870E-01   1.48870E-01
  6.85860E-03   4.33400E-01   1.48870E-01
  1.92150E-02   6.79410E-01   1.48870E-01
  1.29240E-02   8.65060E-01   1.48870E-01
  1.66720E-02   9.73910E-01   1.48870E-01
