31
     .25900E-01     .85770E+07
     .77700E-01     .74980E+07
     .11290E+00     .74130E+07
     .25900E-01     .69790E+07
     .12950E+00     .66200E+07
     .78000E-02     .63600E+07
     .25030E+00     .61080E+07
     .43000E-02     .59500E+07
     .86000E-02     .58960E+07
     .60400E-01     .57070E+07
     .78000E-02     .55750E+07
     .52000E-02     .52380E+07
     .86000E-02     .50100E+07
     .43200E-01     .49710E+07
     .52000E-02     .45360E+07
     .52000E-02     .40410E+07
     .86000E-02     .35600E+07
     .52000E-02     .33390E+07
     .78000E-02     .30020E+07
     .60400E-01     .28700E+07
     .86000E-02     .26810E+07
     .43000E-02     .26200E+07
     .26600E-01     .24690E+07
     .78000E-02     .22100E+07
     .12520E+00     .19570E+07
     .14720E+00     .16490E+07
     .25900E-01     .15980E+07
     .11290E+00     .11640E+07
     .21600E-01     .11370E+07
     .24530E+00     .52000E+06
     .20170E+00     .79000E+05
