  Energies (eV)
    8.10688E+06
    7.22868E+06
    6.53310E+06
    5.59008E+06
    4.45600E+06
    3.46683E+06
    2.69710E+06
    2.09656E+06
    1.63251E+06
    1.27129E+06
    9.89571E+05
    7.70357E+05
    5.85611E+05
    4.54960E+05
    3.63452E+05
    2.82995E+05
    2.20292E+05
    1.71530E+05
    1.33590E+05
    1.04041E+05
    8.10203E+04
    6.30961E+04
    4.91187E+04
    3.82654E+04
    2.97894E+04
    2.32062E+04
    1.80716E+04
    1.40778E+04
    1.09641E+04
    8.53513E+03
    6.64825E+03
    5.17781E+03
    4.03252E+03
    3.14074E+03
    2.44616E+03
    1.90530E+03
    1.48389E+03
    1.15572E+03
    9.00044E+02
    7.00942E+02
    5.45880E+02
    4.25138E+02
    3.31101E+02
    2.57866E+02
    2.00819E+02
    1.56402E+02
    1.21807E+02
    9.48629E+01
    7.38805E+01
    5.75341E+01
    4.48030E+01
    3.48774E+01
    2.71501E+01
    2.11353E+01
    1.65029E+01
    1.28498E+01
    9.97124E+00
    7.76246E+00
    6.04324E+00
    4.70443E+00
    3.66255E+00
    2.85160E+00
    2.21972E+00
    1.72870E+00
    1.34594E+00
    1.04746E+00
    8.16550E-01
    6.35896E-01
    4.85051E-01
    3.53719E-01
    2.87505E-01
    2.16851E-01
 Gamma KERMA rad/hr/flux
    0.11775E-04
    0.10263E-04
    0.87710E-05
    0.73634E-05
    0.62114E-05
    0.54227E-05
    0.49073E-05
    0.44332E-05
    0.40969E-05
    0.38889E-05

    0.36899E-05
    0.34995E-05
    0.33176E-05
    0.31437E-05
    0.29777E-05
    0.28193E-05
    0.26681E-05
    0.25239E-05
    0.23865E-05
    0.22556E-05
    0.21310E-05
    0.20124E-05
    0.18996E-05
    0.17923E-05
    0.16904E-05
    0.15936E-05
    0.15016E-05
    0.14144E-05
    0.13317E-05
    0.12532E-05
    0.12019E-05
    0.11233E-05
    0.10442E-05
    0.96861E-06
    0.90453E-06
    0.84106E-06
    0.77928E-06
    0.72004E-06
    0.66397E-06
    0.61151E-06
    0.56292E-06
    0.51835E-06
    0.47780E-06
    0.44123E-06
    0.40851E-06
    0.37949E-06
    0.35397E-06
    0.33179E-06
    0.31276E-06
    0.29671E-06
    0.28351E-06
    0.27306E-06
    0.26529E-06
    0.26020E-06
    0.25782E-06
    0.25830E-06
    0.26183E-06
    0.26876E-06
    0.27956E-06
    0.29491E-06
    0.31575E-06
    0.34337E-06
    0.37956E-06
    0.42680E-06
    0.52399E-06
    0.70242E-06
    0.92870E-06
    0.12279E-05
    0.17288E-05
    0.28481E-05
