rtt_001.sigma
                    Isotope List

          Isotope     Fast-Neutron      Thermal-Neutron     Gamma
           index          id                  id              id
          _______     ____________      _______________     _____

              1           508                   0               1
              2           505                 505               8
              3           505                -642               8
              4           509                 509              13
              5           510                 510               3
              6           511                 511               3
              7           512                 512               6
              8           513                 513               7
              9           521                 521               5
             10           522                 522               5
             11           525                 525              11
             12           528                 528              16
             13           532                 532              20
             14           533                 533              12
             15           536                   0               1
             16           541                 541              17
             17           542                 542              19
             18           543                 543              15
             19           830                 830               6
             20           832                   0               0
             21           833                   0               1

________________________________________________________________________________

rtt_002.sigma
      1) added thermal deuterium data to isotope 15
      2) deleted isotopes 20,21

                    Isotope List

          Isotope     Fast-Neutron      Thermal-Neutron     Gamma
           index          id                  id              id
          _______     ____________      _______________     _____

              1           508                   0               1
              2           505                 505               8
              3           505                -642               8
              4           509                 509              13
              5           510                 510               3
              6           511                 511               3
              7           512                 512               6
              8           513                 513               7
              9           521                 521               5
             10           522                 522               5
             11           525                 525              11
             12           528                 528              16
             13           532                 532              20
             14           533                 533              12
             15           536                 536               1
             16           541                 541              17
             17           542                 542              19
             18           543                 543              15
             19           830                 830               6

________________________________________________________________________________

rtt_003.sigma
      1) added isotope 20 (lead), 21 (fluorine), 22 (H-fast,H2-thermal)

                    Isotope List

          Isotope     Fast-Neutron      Thermal-Neutron     Gamma
           index          id                  id              id
          _______     ____________      _______________     _____

              1           508                   0               1
              2           505                 505               8
              3           505                -642               8
              4           509                 509              13
              5           510                 510               3
              6           511                 511               3
              7           512                 512               6
              8           513                 513               7
              9           521                 521               5
             10           522                 522               5
             11           525                 525              11
             12           528                 528              16
             13           532                 532              20
             14           533                 533              12
             15           536                 536               1
             16           541                 541              17
             17           542                 542              19
             18           543                 543              15
             19           830                 830               6
             20           507                 507              82
             21           537                 537               9
             22           508                 508               1

________________________________________________________________________________

rtt_004.sigma
      1) added isotope 23 (cadmium-- gamma production from ANL5800)
                    Isotope List

          Isotope     Fast-Neutron      Thermal-Neutron     Gamma
           index          id                  id              id
          _______     ____________      _______________     _____

              1           508                   0               1
              2           505                 505               8
              3           505                -642               8
              4           509                 509              13
              5           510                 510               3
              6           511                 511               3
              7           512                 512               6
              8           513                 513               7
              9           521                 521               5
             10           522                 522               5
             11           525                 525              11
             12           528                 528              16
             13           532                 532              20
             14           533                 533              12
             15           536                 536               1
             16           541                 541              17
             17           542                 542              19
             18           543                 543              15
             19           830                 830               6
             20           507                 507              82
             21           537                 537               9
             22           508                 508               1
             23           523                 523              48

________________________________________________________________________________

