   37   72   22   70   73
../raflb_d/neut.tape15
../raflb_d/raf.tape11
../raflb_d/gam.tape15
sera1B1.sigma
 This is an initial experimental version of the rtt library
 ENDF/B V5 neutron cross sections ORNL gamma  data from DLC99HUGO LIB
  508    0    1
    0    1 0.332          0.332
    8.10688E+06    7.22868E+06    6.53310E+06    5.59008E+06    4.45600E+06
    3.46683E+06    2.69710E+06    2.09656E+06    1.63251E+06    1.27129E+06
    9.89571E+05    7.70357E+05    5.85611E+05    4.54960E+05    3.63452E+05
    2.82995E+05    2.20292E+05    1.71530E+05    1.33590E+05    1.04041E+05
    8.10203E+04    6.30961E+04    4.91187E+04    3.82654E+04    2.97894E+04
    2.32062E+04    1.80716E+04    1.40778E+04    1.09641E+04    8.53513E+03
    6.64825E+03    5.17781E+03    4.03252E+03    3.14074E+03    2.44616E+03
    1.90530E+03    1.48389E+03    1.15572E+03    9.00044E+02    7.00942E+02
    5.45880E+02    4.25138E+02    3.31101E+02    2.57866E+02    2.00819E+02
    1.56402E+02    1.21807E+02    9.48629E+01    7.38805E+01    5.75341E+01
    4.48030E+01    3.48774E+01    2.71501E+01    2.11353E+01    1.65029E+01
    1.28498E+01    9.97124E+00    7.76246E+00    6.04324E+00    4.70443E+00
    3.66255E+00    2.85160E+00    2.21972E+00    1.72870E+00    1.34594E+00
    1.04746E+00    8.16550E-01    6.35896E-01    4.85051E-01    3.53719E-01
    2.87505E-01    2.16851E-01    0.00000E+00    0.00000E+00    0.00000E+00
    0.00000E+00    0.00000E+00    0.00000E+00    0.00000E+00    0.00000E+00
    0.00000E+00    0.00000E+00    0.00000E+00    0.00000E+00    0.00000E+00
    0.00000E+00    0.00000E+00    0.00000E+00    0.00000E+00    0.00000E+00
    0.00000E+00    0.00000E+00    0.00000E+00    0.00000E+00
 0.11518030E-04 0.10015619E-04 0.85433348E-05 0.71289746E-05 0.59874624E-05
 0.51891807E-05 0.46621567E-05 0.41987337E-05 0.38676867E-05 0.36664994E-05
 0.34940360E-05 0.33097931E-05 0.31194384E-05 0.29559856E-05 0.28012769E-05
 0.26397349E-05 0.24777003E-05 0.23407392E-05 0.22055076E-05 0.20669461E-05
 0.19439758E-05 0.18280590E-05 0.17091904E-05 0.15919252E-05 0.14894309E-05
 0.13885611E-05 0.12879622E-05 0.11948106E-05 0.11087920E-05 0.10248966E-05
 0.96897372E-06 0.90908958E-06 0.81937600E-06 0.74079401E-06 0.67766399E-06
 0.61902870E-06 0.56819056E-06 0.51960268E-06 0.47325128E-06 0.42967415E-06
 0.39178011E-06 0.35670254E-06 0.32369570E-06 0.29289279E-06 0.26452028E-06
 0.23885030E-06 0.21686232E-06 0.19691036E-06 0.17893731E-06 0.16300694E-06
 0.14919252E-06 0.13756541E-06 0.12816746E-06 0.12105757E-06 0.11605098E-06
 0.11353040E-06 0.11319730E-06 0.11573007E-06 0.12105487E-06 0.12967722E-06
 0.14176192E-06 0.15804849E-06 0.17884531E-06 0.20524800E-06 0.25673768E-06
 0.35442710E-06 0.49628426E-06 0.69653771E-06 0.10704642E-05 0.20139410E-05
  1.0           2.2246     +06
  505  505    8
    0    4 0.000178       0.000178
    3.98093E+06    2.97726E+06    2.26483E+06    1.68128E+06    1.26161E+06
    1.10245E+06    5.50171E+05    3.77183E+05    2.81044E+05    2.61422E+05
    2.14226E+05    1.71501E+05    1.29177E+05    1.02513E+05    7.87387E+04
    4.86304E+04    4.05093E+04    4.77144E+04    3.56369E+04    2.66736E+04
    2.01198E+04    1.52733E+04    1.16598E+04    8.95947E+03    6.90519E+03
    5.33453E+03    4.12805E+03    3.19888E+03    2.48162E+03    1.92671E+03
    1.49695E+03    1.16368E+03    9.04938E+02    7.03972E+02    5.47787E+02
    4.26318E+02    3.31846E+02    2.58332E+02    2.01124E+02    1.56596E+02
    1.21933E+02    9.49472E+01    7.39351E+01    5.75752E+01    4.48376E+01
    3.49166E+01    2.71907E+01    2.11767E+01    1.64918E+01    1.28432E+01
    1.00024E+01    7.78975E+00    6.06670E+00    4.72465E+00    3.69050E+00
    2.87479E+00    2.23169E+00    1.73811E+00    1.35365E+00    1.05421E+00
    8.21029E-01    6.39417E-01    4.97986E-01    3.87850E-01    3.02046E-01
    2.35245E-01    1.83210E-01    1.42691E-01    1.08673E-01    7.94915E-02
    6.47823E-02    4.89395E-02    0.00000E+00    0.00000E+00    0.00000E+00
    0.00000E+00    0.00000E+00    0.00000E+00    0.00000E+00    0.00000E+00
    0.00000E+00    0.00000E+00    0.00000E+00    0.00000E+00    0.00000E+00
    0.00000E+00    0.00000E+00    0.00000E+00    0.00000E+00    0.00000E+00
    0.00000E+00    0.00000E+00    0.00000E+00    0.00000E+00
 0.11518030E-04 0.10015619E-04 0.85433348E-05 0.71289746E-05 0.59874624E-05
 0.51891807E-05 0.46621567E-05 0.41987337E-05 0.38676867E-05 0.36664994E-05
 0.34940360E-05 0.33097931E-05 0.31194384E-05 0.29559856E-05 0.28012769E-05
 0.26397349E-05 0.24777003E-05 0.23407392E-05 0.22055076E-05 0.20669461E-05
 0.19439758E-05 0.18280590E-05 0.17091904E-05 0.15919252E-05 0.14894309E-05
 0.13885611E-05 0.12879622E-05 0.11948106E-05 0.11087920E-05 0.10248966E-05
 0.96897372E-06 0.90908958E-06 0.81937600E-06 0.74079401E-06 0.67766399E-06
 0.61902870E-06 0.56819056E-06 0.51960268E-06 0.47325128E-06 0.42967415E-06
 0.39178011E-06 0.35670254E-06 0.32369570E-06 0.29289279E-06 0.26452028E-06
 0.23885030E-06 0.21686232E-06 0.19691036E-06 0.17893731E-06 0.16300694E-06
 0.14919252E-06 0.13756541E-06 0.12816746E-06 0.12105757E-06 0.11605098E-06
 0.11353040E-06 0.11319730E-06 0.11573007E-06 0.12105487E-06 0.12967722E-06
 0.14176192E-06 0.15804849E-06 0.17884531E-06 0.20524800E-06 0.25673768E-06
 0.35442710E-06 0.49628426E-06 0.69653771E-06 0.10704642E-05 0.20139410E-05
 0.146          3.2722     +06
 0.854          2.1842     +06
 0.854          1.088      +06
 1.000          0.8708     +06
  505 -642    8
    2    4 0.000178       0.000178
    3.98093E+06    2.97726E+06    2.26483E+06    1.68128E+06    1.26161E+06
    1.10245E+06    5.50171E+05    3.77183E+05    2.81044E+05    2.61422E+05
    2.14226E+05    1.71501E+05    1.29177E+05    1.02513E+05    7.87387E+04
    4.86304E+04    4.05093E+04    4.77144E+04    3.56369E+04    2.66736E+04
    2.01198E+04    1.52733E+04    1.16598E+04    8.95947E+03    6.90519E+03
    5.33453E+03    4.12805E+03    3.19888E+03    2.48162E+03    1.92671E+03
    1.49695E+03    1.16368E+03    9.04938E+02    7.03972E+02    5.47787E+02
    4.26318E+02    3.31846E+02    2.58332E+02    2.01124E+02    1.56596E+02
    1.21933E+02    9.49472E+01    7.39351E+01    5.75752E+01    4.48376E+01
    3.49166E+01    2.71907E+01    2.11767E+01    1.64918E+01    1.28432E+01
    1.00024E+01    7.78975E+00    6.06670E+00    4.72465E+00    3.69050E+00
    2.87479E+00    2.23169E+00    1.73811E+00    1.35365E+00    1.05421E+00
    8.21029E-01    6.39417E-01    4.97986E-01    3.87850E-01    3.02046E-01
    2.35245E-01    1.83210E-01    1.42691E-01    1.08673E-01    7.94915E-02
    6.47823E-02    4.89395E-02    0.00000E+00    0.00000E+00    0.00000E+00
    0.00000E+00    0.00000E+00    0.00000E+00    0.00000E+00    0.00000E+00
    0.00000E+00    0.00000E+00    0.00000E+00    0.00000E+00    0.00000E+00
    0.00000E+00    0.00000E+00    0.00000E+00    0.00000E+00    0.00000E+00
    0.00000E+00    0.00000E+00    0.00000E+00    0.00000E+00
 0.11518030E-04 0.10015619E-04 0.85433348E-05 0.71289746E-05 0.59874624E-05
 0.51891807E-05 0.46621567E-05 0.41987337E-05 0.38676867E-05 0.36664994E-05
 0.34940360E-05 0.33097931E-05 0.31194384E-05 0.29559856E-05 0.28012769E-05
 0.26397349E-05 0.24777003E-05 0.23407392E-05 0.22055076E-05 0.20669461E-05
 0.19439758E-05 0.18280590E-05 0.17091904E-05 0.15919252E-05 0.14894309E-05
 0.13885611E-05 0.12879622E-05 0.11948106E-05 0.11087920E-05 0.10248966E-05
 0.96897372E-06 0.90908958E-06 0.81937600E-06 0.74079401E-06 0.67766399E-06
 0.61902870E-06 0.56819056E-06 0.51960268E-06 0.47325128E-06 0.42967415E-06
 0.39178011E-06 0.35670254E-06 0.32369570E-06 0.29289279E-06 0.26452028E-06
 0.23885030E-06 0.21686232E-06 0.19691036E-06 0.17893731E-06 0.16300694E-06
 0.14919252E-06 0.13756541E-06 0.12816746E-06 0.12105757E-06 0.11605098E-06
 0.11353040E-06 0.11319730E-06 0.11573007E-06 0.12105487E-06 0.12967722E-06
 0.14176192E-06 0.15804849E-06 0.17884531E-06 0.20524800E-06 0.25673768E-06
 0.35442710E-06 0.49628426E-06 0.69653771E-06 0.10704642E-05 0.20139410E-05
 0.146          3.2722     +06
 0.854          2.1842     +06
 0.854          1.088      +06
 1.000          0.8708     +06
  509  509   13
    0   89 0.232          0.232
    3.92095E+06    3.60057E+06    3.03131E+06    1.97058E+06    9.73413E+05
    3.53272E+05    2.17362E+05    1.73561E+05    1.36885E+05    9.81929E+04
    8.89967E+04    7.07011E+04    5.46687E+04    4.48894E+04    3.81853E+04
    3.19539E+04    2.67831E+04    2.19719E+04    1.77203E+04    1.42020E+04
    1.13464E+04    9.66323E+03    7.28439E+03    5.83154E+03    4.77859E+03
    4.15605E+03    3.71067E+03    6.35367E+03    6.75640E+03    5.05527E+03
    4.15708E+03    4.03729E+03    4.62423E+03    1.07336E+04    5.45306E+03
    4.45514E+03    3.60361E+03    2.97522E+03    2.48895E+03    2.10997E+03
    1.81941E+03    1.80479E+03    1.93251E+03    2.07481E+03    2.23180E+03
    2.40392E+03    2.59184E+03    2.79664E+03    3.01910E+03    3.26047E+03
    3.59731E+03    4.06944E+03    4.60615E+03    5.21577E+03    5.89808E+03
    6.68157E+03    7.58118E+03    8.59036E+03    9.73433E+03    1.10156E+04
    1.24285E+04    1.40317E+04    1.58549E+04    1.79253E+04    2.02733E+04
    2.29394E+04    2.59622E+04    2.93884E+04    3.39919E+04    3.98446E+04
    0.0            0.0            0.0            0.0            0.0
    0.0            0.0            0.0            0.0            0.0
    0.0            0.0            0.0            0.0            0.0
    0.0            0.0            0.0            0.0            0.0
    0.0            0.0            0.0            0.0 
 0.11518030E-04 0.10015619E-04 0.85433348E-05 0.71289746E-05 0.59874624E-05
 0.51891807E-05 0.46621567E-05 0.41987337E-05 0.38676867E-05 0.36664994E-05
 0.34940360E-05 0.33097931E-05 0.31194384E-05 0.29559856E-05 0.28012769E-05
 0.26397349E-05 0.24777003E-05 0.23407392E-05 0.22055076E-05 0.20669461E-05
 0.19439758E-05 0.18280590E-05 0.17091904E-05 0.15919252E-05 0.14894309E-05
 0.13885611E-05 0.12879622E-05 0.11948106E-05 0.11087920E-05 0.10248966E-05
 0.96897372E-06 0.90908958E-06 0.81937600E-06 0.74079401E-06 0.67766399E-06
 0.61902870E-06 0.56819056E-06 0.51960268E-06 0.47325128E-06 0.42967415E-06
 0.39178011E-06 0.35670254E-06 0.32369570E-06 0.29289279E-06 0.26452028E-06
 0.23885030E-06 0.21686232E-06 0.19691036E-06 0.17893731E-06 0.16300694E-06
 0.14919252E-06 0.13756541E-06 0.12816746E-06 0.12105757E-06 0.11605098E-06
 0.11353040E-06 0.11319730E-06 0.11573007E-06 0.12105487E-06 0.12967722E-06
 0.14176192E-06 0.15804849E-06 0.17884531E-06 0.20524800E-06 0.25673768E-06
 0.35442710E-06 0.49628426E-06 0.69653771E-06 0.10704642E-05 0.20139410E-05
     .30000E+00     .77260E+07
     .50000E-01     .76950E+07
     .12000E-02     .68630E+07
     .11000E-01     .67120E+07
     .52800E-02     .64420E+07
     .17850E-01     .63170E+07
     .64000E-02     .62000E+07
     .30000E-01     .61030E+07
     .50000E-02     .58610E+07
     .88000E-03     .57980E+07
     .36300E-02     .57670E+07
     .70000E-02     .57110E+07
     .13000E-01     .55870E+07
     .30000E-02     .54540E+07
     .27200E-01     .54120E+07
     .31500E-02     .53030E+07
     .30000E-02     .52430E+07
     .33950E-01     .51350E+07
     .37700E-02     .51040E+07
     .20000E-02     .50690E+07
     .15000E-02     .49850E+07
     .35890E-01     .49050E+07
     .10230E-01     .47660E+07
     .48000E-02     .47550E+07
     .67890E-01     .47350E+07
     .51200E-01     .46910E+07
     .28800E-01     .46600E+07
     .40000E-02     .46230E+07
     .40000E-02     .45980E+07
     .36000E-02     .45770E+07
     .60000E-02     .44290E+07
     .64900E-02     .44250E+07
     .50000E-02     .43790E+07
     .71000E-01     .42610E+07
     .78000E-01     .41340E+07
     .80000E-02     .40170E+07
     .15000E-02     .40020E+07
     .22700E-02     .39360E+07
     .33700E-02     .39050E+07
     .11100E-02     .38910E+07
     .32000E-01     .38770E+07
     .32000E-01     .38490E+07
     .70000E-02     .38260E+07
     .90000E-02     .37900E+07
     .53600E-02     .37090E+07
     .26400E-02     .36780E+07
     .51480E-01     .35920E+07
     .85800E-02     .35610E+07
     .71000E-01     .34650E+07
     .30000E-02     .33930E+07
     .37200E-02     .33930E+07
     .50000E-02     .33470E+07
     .12800E-01     .33040E+07
     .60000E-02     .32660E+07
     .40000E-02     .31280E+07
     .80000E-01     .30350E+07
     .50000E-02     .29870E+07
     .93000E-01     .29600E+07
     .33700E-02     .29220E+07
     .37000E-01     .28210E+07
     .60000E-02     .27100E+07
     .20000E-02     .26570E+07
     .11160E-01     .26270E+07
     .35000E-01     .25910E+07
     .17940E-01     .25780E+07
     .80000E-02     .24520E+07
     .40000E-01     .22830E+07
     .70000E-02     .22770E+07
     .30000E-02     .22720E+07
     .50000E-02     .22560E+07
     .18370E-01     .21390E+07
     .40000E-02     .21310E+07
     .23390E-01     .21080E+07
     .70000E-02     .19840E+07
     .11000E-01     .19280E+07
     .50000E-02     .18650E+07
     .34010E-01     .16230E+07
     .95900E-02     .15920E+07
     .10000E-01     .15260E+07
     .21000E-01     .14090E+07
     .51000E-02     .13420E+07
     .27200E-02     .13070E+07
     .80000E-02     .12840E+07
     .15990E-01     .10140E+07
     .22080E-01     .98300E+06
     .91000E-02     .94100E+06
     .60000E-02     .83200E+06
     .51000E-02     .40100E+06
     .28884E+00     .31000E+05
  510  510    3
    0    3 935.93         0.0385
    3.84477E+06    3.49706E+06    3.24776E+06    2.95618E+06    2.61422E+06
    2.27064E+06    1.97793E+06    1.77566E+06    1.52929E+06    1.44268E+06
    1.57338E+06    1.58503E+06    1.38998E+06    1.27071E+06    1.20728E+06
    1.17784E+06    1.20088E+06    1.30949E+06    1.54533E+06    1.86777E+06
    2.10590E+06    2.21216E+06    2.27197E+06    2.33712E+06    2.41953E+06
    2.51763E+06    2.62797E+06    2.74619E+06    2.86939E+06    2.99537E+06
    3.12014E+06    3.24466E+06    3.36405E+06    3.48173E+06    3.59132E+06
    3.69704E+06    3.79112E+06    3.88675E+06    3.97504E+06    4.05114E+06
    4.12857E+06    4.19253E+06    4.24948E+06    4.30731E+06    4.36289E+06
    4.40117E+06    4.43689E+06    4.47307E+06    4.50938E+06    4.54599E+06
    4.57322E+06    4.58917E+06    4.60490E+06    4.62084E+06    4.63694E+06
    4.65300E+06    4.66915E+06    4.68536E+06    4.70174E+06    4.71504E+06
    4.72063E+06    4.72589E+06    4.73127E+06    4.73660E+06    4.74184E+06
    4.74726E+06    4.75268E+06    4.75801E+06    4.76305E+06    4.76578E+06
    4.76693E+06    4.76902E+06    4.78185E+06    4.78185E+06    4.78185E+06
    4.78185E+06    4.78185E+06    4.78185E+06    4.78185E+06    4.78185E+06
    4.78185E+06    4.78185E+06    4.78185E+06    4.78185E+06    4.78185E+06
    4.78185E+06    4.78185E+06    4.78185E+06    4.78185E+06    4.78185E+06
    4.78185E+06    4.78185E+06    4.78185E+06    4.78185E+06
 0.11518030E-04 0.10015619E-04 0.85433348E-05 0.71289746E-05 0.59874624E-05
 0.51891807E-05 0.46621567E-05 0.41987337E-05 0.38676867E-05 0.36664994E-05
 0.34940360E-05 0.33097931E-05 0.31194384E-05 0.29559856E-05 0.28012769E-05
 0.26397349E-05 0.24777003E-05 0.23407392E-05 0.22055076E-05 0.20669461E-05
 0.19439758E-05 0.18280590E-05 0.17091904E-05 0.15919252E-05 0.14894309E-05
 0.13885611E-05 0.12879622E-05 0.11948106E-05 0.11087920E-05 0.10248966E-05
 0.96897372E-06 0.90908958E-06 0.81937600E-06 0.74079401E-06 0.67766399E-06
 0.61902870E-06 0.56819056E-06 0.51960268E-06 0.47325128E-06 0.42967415E-06
 0.39178011E-06 0.35670254E-06 0.32369570E-06 0.29289279E-06 0.26452028E-06
 0.23885030E-06 0.21686232E-06 0.19691036E-06 0.17893731E-06 0.16300694E-06
 0.14919252E-06 0.13756541E-06 0.12816746E-06 0.12105757E-06 0.11605098E-06
 0.11353040E-06 0.11319730E-06 0.11573007E-06 0.12105487E-06 0.12967722E-06
 0.14176192E-06 0.15804849E-06 0.17884531E-06 0.20524800E-06 0.25673768E-06
 0.35442710E-06 0.49628426E-06 0.69653771E-06 0.10704642E-05 0.20139410E-05
     .61000E+00     .72500E+07
     .39000E+00     .67730E+07
     .39000E+00     .47760E+06
  511  511    3
    0    3 0.036          0.036
    3.28699E+06    2.91829E+06    2.66244E+06    2.38733E+06    1.97228E+06
    1.62069E+06    1.26594E+06    8.43727E+05    6.37764E+05    5.15344E+05
    4.17392E+05    3.34894E+05    2.67903E+05    2.17512E+05    1.80779E+05
    1.44775E+05    1.09771E+05    8.29264E+04    5.79547E+04    3.14083E+04
    2.60596E+04    2.21612E+04    1.84643E+04    1.53437E+04    1.25706E+04
    1.01934E+04    8.22321E+03    6.63288E+03    5.37685E+03    4.40611E+03
    3.67637E+03    3.14267E+03    2.71990E+03    2.40171E+03    2.17610E+03
    2.02423E+03    1.93171E+03    1.88747E+03    1.88286E+03    1.91162E+03
    1.96981E+03    2.10638E+03    2.30829E+03    2.55010E+03    2.83371E+03
    3.16200E+03    3.53867E+03    3.96829E+03    4.45648E+03    5.00981E+03
    5.63571E+03    6.34276E+03    7.14105E+03    8.03990E+03    9.04084E+03
    1.01837E+04    1.14869E+04    1.29393E+04    1.45760E+04    1.64560E+04
    1.86783E+04    2.12035E+04    2.40656E+04    2.73127E+04    3.10006E+04
    3.51862E+04    3.99335E+04    4.53250E+04    5.26990E+04    6.25896E+04
    0.0            0.0            0.0            0.0            0.0
    0.0            0.0            0.0            0.0            0.0
    0.0            0.0            0.0            0.0            0.0
    0.0            0.0            0.0            0.0            0.0
    0.0            0.0            0.0            0.0 
 0.11518030E-04 0.10015619E-04 0.85433348E-05 0.71289746E-05 0.59874624E-05
 0.51891807E-05 0.46621567E-05 0.41987337E-05 0.38676867E-05 0.36664994E-05
 0.34940360E-05 0.33097931E-05 0.31194384E-05 0.29559856E-05 0.28012769E-05
 0.26397349E-05 0.24777003E-05 0.23407392E-05 0.22055076E-05 0.20669461E-05
 0.19439758E-05 0.18280590E-05 0.17091904E-05 0.15919252E-05 0.14894309E-05
 0.13885611E-05 0.12879622E-05 0.11948106E-05 0.11087920E-05 0.10248966E-05
 0.96897372E-06 0.90908958E-06 0.81937600E-06 0.74079401E-06 0.67766399E-06
 0.61902870E-06 0.56819056E-06 0.51960268E-06 0.47325128E-06 0.42967415E-06
 0.39178011E-06 0.35670254E-06 0.32369570E-06 0.29289279E-06 0.26452028E-06
 0.23885030E-06 0.21686232E-06 0.19691036E-06 0.17893731E-06 0.16300694E-06
 0.14919252E-06 0.13756541E-06 0.12816746E-06 0.12105757E-06 0.11605098E-06
 0.11353040E-06 0.11319730E-06 0.11573007E-06 0.12105487E-06 0.12967722E-06
 0.14176192E-06 0.15804849E-06 0.17884531E-06 0.20524800E-06 0.25673768E-06
 0.35442710E-06 0.49628426E-06 0.69653771E-06 0.10704642E-05 0.20139410E-05
 0.9            2.0327     +06
 0.1            1.0519     +06
 0.1            0.9808     +06
  512  512    6
    0    3 0.00336        0.00336
    4.39923E+06    3.60093E+06    2.78782E+06    1.76453E+06    1.17694E+06
    6.86690E+05    5.69338E+05    4.72926E+05    4.73578E+05    3.71157E+05
    2.74215E+05    2.06151E+05    1.55410E+05    1.21150E+05    9.73674E+04
    7.65502E+04    6.01154E+04    4.71594E+04    3.70453E+04    2.90516E+04
    2.27466E+04    1.77888E+04    1.38972E+04    1.08511E+04    8.46656E+03
    6.60409E+03    5.14932E+03    4.01405E+03    3.12832E+03    2.43768E+03
    1.89922E+03    1.47965E+03    1.15270E+03    8.97964E+02    6.99478E+02
    5.44842E+02    4.24379E+02    3.30552E+02    2.57450E+02    2.00508E+02
    1.56168E+02    1.21628E+02    9.47289E+01    7.37798E+01    5.74623E+01
    4.47542E+01    3.48583E+01    2.71520E+01    2.11505E+01    1.64770E+01
    1.28379E+01    1.00049E+01    7.79928E+00    6.08247E+00    4.76031E+00
    3.71889E+00    2.89907E+00    2.27147E+00    1.78449E+00    1.40723E+00
    1.11570E+00    8.91412E-01    7.19683E-01    5.89299E-01    4.91639E-01
    4.19964E-01    3.69073E-01    3.35017E-01    3.16028E-01    3.12032E-01
    3.10997E-01    3.30628E-01    0.00000E+00    0.00000E+00    0.00000E+00
    0.00000E+00    0.00000E+00    0.00000E+00    0.00000E+00    0.00000E+00
    0.00000E+00    0.00000E+00    0.00000E+00    0.00000E+00    0.00000E+00
    0.00000E+00    0.00000E+00    0.00000E+00    0.00000E+00    0.00000E+00
    0.00000E+00    0.00000E+00    0.00000E+00    0.00000E+00
 0.11518030E-04 0.10015619E-04 0.85433348E-05 0.71289746E-05 0.59874624E-05
 0.51891807E-05 0.46621567E-05 0.41987337E-05 0.38676867E-05 0.36664994E-05
 0.34940360E-05 0.33097931E-05 0.31194384E-05 0.29559856E-05 0.28012769E-05
 0.26397349E-05 0.24777003E-05 0.23407392E-05 0.22055076E-05 0.20669461E-05
 0.19439758E-05 0.18280590E-05 0.17091904E-05 0.15919252E-05 0.14894309E-05
 0.13885611E-05 0.12879622E-05 0.11948106E-05 0.11087920E-05 0.10248966E-05
 0.96897372E-06 0.90908958E-06 0.81937600E-06 0.74079401E-06 0.67766399E-06
 0.61902870E-06 0.56819056E-06 0.51960268E-06 0.47325128E-06 0.42967415E-06
 0.39178011E-06 0.35670254E-06 0.32369570E-06 0.29289279E-06 0.26452028E-06
 0.23885030E-06 0.21686232E-06 0.19691036E-06 0.17893731E-06 0.16300694E-06
 0.14919252E-06 0.13756541E-06 0.12816746E-06 0.12105757E-06 0.11605098E-06
 0.11353040E-06 0.11319730E-06 0.11573007E-06 0.12105487E-06 0.12967722E-06
 0.14176192E-06 0.15804849E-06 0.17884531E-06 0.20524800E-06 0.25673768E-06
 0.35442710E-06 0.49628426E-06 0.69653771E-06 0.10704642E-05 0.20139410E-05
 0.68           4.9465     +06
 0.32           3.684      +06
 0.32           1.2625     +06
  513  513    7
    0   34 1.894          0.075
    4.10828E+06    3.72057E+06    3.32797E+06    2.55772E+06    1.45001E+06
    1.12253E+06    1.16012E+06    1.22840E+06    9.78226E+05    5.89388E+05
    3.27055E+05    2.42185E+05    1.50643E+05    1.19955E+05    1.25145E+05
    9.36552E+04    6.21705E+04    4.42603E+04    3.43147E+04    2.66860E+04
    2.07720E+04    1.61838E+04    1.26151E+04    9.84753E+03    7.68796E+03
    6.01683E+03    4.72141E+03    3.71723E+03    2.94307E+03    2.34437E+03
    1.88843E+03    1.54178E+03    1.28059E+03    1.08626E+03    9.44847E+02
    8.45854E+02    7.80946E+02    7.44045E+02    7.30472E+02    7.36827E+02
    7.60616E+02    8.03371E+02    8.63449E+02    9.38832E+02    1.02957E+03
    1.13616E+03    1.25942E+03    1.40042E+03    1.56079E+03    1.74213E+03
    1.95503E+03    2.20666E+03    2.49221E+03    2.81572E+03    3.17728E+03
    3.59172E+03    4.06635E+03    4.59716E+03    5.19823E+03    5.87747E+03
    6.64437E+03    7.51238E+03    8.49304E+03    9.60276E+03    1.08566E+04
    1.22758E+04    1.38784E+04    1.56907E+04    1.81540E+04    2.14068E+04
    2.27502E+04    2.56502E+04    2.78891E+04    2.88421E+04    2.98184E+04
    3.09037E+04    3.16158E+04    3.21191E+04    3.26476E+04    3.34919E+04
    3.47300E+04    3.61193E+04    3.85418E+04    4.15898E+04    4.40732E+04
    4.87811E+04    5.57293E+04    6.24070E+04    7.24016E+04    8.71283E+04
    1.06788E+05    1.36104E+05    1.76421E+05    2.54331E+05
 0.11518030E-04 0.10015619E-04 0.85433348E-05 0.71289746E-05 0.59874624E-05
 0.51891807E-05 0.46621567E-05 0.41987337E-05 0.38676867E-05 0.36664994E-05
 0.34940360E-05 0.33097931E-05 0.31194384E-05 0.29559856E-05 0.28012769E-05
 0.26397349E-05 0.24777003E-05 0.23407392E-05 0.22055076E-05 0.20669461E-05
 0.19439758E-05 0.18280590E-05 0.17091904E-05 0.15919252E-05 0.14894309E-05
 0.13885611E-05 0.12879622E-05 0.11948106E-05 0.11087920E-05 0.10248966E-05
 0.96897372E-06 0.90908958E-06 0.81937600E-06 0.74079401E-06 0.67766399E-06
 0.61902870E-06 0.56819056E-06 0.51960268E-06 0.47325128E-06 0.42967415E-06
 0.39178011E-06 0.35670254E-06 0.32369570E-06 0.29289279E-06 0.26452028E-06
 0.23885030E-06 0.21686232E-06 0.19691036E-06 0.17893731E-06 0.16300694E-06
 0.14919252E-06 0.13756541E-06 0.12816746E-06 0.12105757E-06 0.11605098E-06
 0.11353040E-06 0.11319730E-06 0.11573007E-06 0.12105487E-06 0.12967722E-06
 0.14176192E-06 0.15804849E-06 0.17884531E-06 0.20524800E-06 0.25673768E-06
 0.35442710E-06 0.49628426E-06 0.69653771E-06 0.10704642E-05 0.20139410E-05
 0.133          10.835     +06
 0.001          9.928      +06
 0.014          9.1518     +06
 0.001          9.05       +06
 0.001          8.571      +06
 0.045          8.312      +06
 0.099          7.301      +06
 0.19           6.324      +06
 0.102          5.5649     +06
 0.188          5.5361     +06
 0.207          5.2989     +06
 0.309          5.2701     +06
 0.165          4.511      +06
 0.007          3.8848     +06
 0.01           3.856      +06
 0.157          3.68       +06
 0.097          3.534      +06
 0.002          3.3009     +06
 0.007          3.0131     +06
 0.018          2.8309     +06
 0.061          2.523      +06
 0.001          2.0309     +06
 0.041          1.9999     +06
 0.007          1.988      +06
 0.197          1.8849     +06
 0.002          1.8561     +06
 0.002          1.8539     +06
 0.001          1.785      +06
 0.014          1.6832     +06
 0.081          1.6801     +06
 0.001          1.157      +06
 0.001          1.011      +06
 0.001          0.907      +06
 0.003          0.5839     +06
  521  521    5
    0   13 3837.1         0.5
    4.56111E+06    4.32809E+06    4.08610E+06    3.58463E+06    2.85975E+06
    2.31099E+06    2.19913E+06    1.64203E+06    1.26288E+06    1.11142E+06
    1.26510E+06    8.46534E+05    4.81970E+05    4.07510E+05    4.42868E+05
    5.40116E+05    5.83474E+05    5.88520E+05    6.50221E+05    7.35070E+05
    8.29009E+05    9.26454E+05    1.02326E+06    1.11708E+06    1.20708E+06
    1.29278E+06    1.37415E+06    1.45131E+06    1.52461E+06    1.59154E+06
    1.65509E+06    1.72046E+06    1.77516E+06    1.82819E+06    1.87919E+06
    1.91478E+06    1.94973E+06    1.98551E+06    2.02241E+06    2.05971E+06
    2.09760E+06    2.12137E+06    2.13755E+06    2.15387E+06    2.17029E+06
    2.18687E+06    2.20367E+06    2.22043E+06    2.23747E+06    2.25476E+06
    2.26672E+06    2.27244E+06    2.27814E+06    2.28382E+06    2.28961E+06
    2.29535E+06    2.30107E+06    2.30684E+06    2.31272E+06    2.31744E+06
    2.31936E+06    2.32126E+06    2.32317E+06    2.32501E+06    2.32685E+06
    2.32873E+06    2.33056E+06    2.33245E+06    2.33430E+06    2.33526E+06
    2.32476E+06    2.32339E+06    2.33354E+06    2.33512E+06    2.33513E+06
    2.33581E+06    2.33658E+06    2.33639E+06    2.33635E+06    2.33512E+06
    2.33433E+06    2.33306E+06    2.30879E+06    2.31793E+06    2.31347E+06
    2.27227E+06    2.32163E+06    2.31716E+06    2.30007E+06    2.30647E+06
    2.31976E+06    2.32598E+06    2.34193E+06    2.55679E+06
 0.11518030E-04 0.10015619E-04 0.85433348E-05 0.71289746E-05 0.59874624E-05
 0.51891807E-05 0.46621567E-05 0.41987337E-05 0.38676867E-05 0.36664994E-05
 0.34940360E-05 0.33097931E-05 0.31194384E-05 0.29559856E-05 0.28012769E-05
 0.26397349E-05 0.24777003E-05 0.23407392E-05 0.22055076E-05 0.20669461E-05
 0.19439758E-05 0.18280590E-05 0.17091904E-05 0.15919252E-05 0.14894309E-05
 0.13885611E-05 0.12879622E-05 0.11948106E-05 0.11087920E-05 0.10248966E-05
 0.96897372E-06 0.90908958E-06 0.81937600E-06 0.74079401E-06 0.67766399E-06
 0.61902870E-06 0.56819056E-06 0.51960268E-06 0.47325128E-06 0.42967415E-06
 0.39178011E-06 0.35670254E-06 0.32369570E-06 0.29289279E-06 0.26452028E-06
 0.23885030E-06 0.21686232E-06 0.19691036E-06 0.17893731E-06 0.16300694E-06
 0.14919252E-06 0.13756541E-06 0.12816746E-06 0.12105757E-06 0.11605098E-06
 0.11353040E-06 0.11319730E-06 0.11573007E-06 0.12105487E-06 0.12967722E-06
 0.14176192E-06 0.15804849E-06 0.17884531E-06 0.20524800E-06 0.25673768E-06
 0.35442710E-06 0.49628426E-06 0.69653771E-06 0.10704642E-05 0.20139410E-05
 7.2895     +03 0.48       +06
     .60000E-01     .11456E+08
     .10000E-01     .93313E+07
     .15000E+00     .89200E+07
     .52000E+00     .70110E+07
     .15000E+00     .67430E+07
     .10000E-01     .64350E+07
     .10000E-01     .50210E+07
     .25000E+00     .47130E+07
     .62000E+00     .44450E+07
     .15000E+00     .25360E+07
     .10000E+00     .22980E+07
     .10000E-01     .21247E+07
  522  522    5
    0    0 0.005          0.005
    1.70002E+06    1.54829E+06    1.36563E+06    1.12908E+06    8.03315E+05
    7.12179E+05    6.37946E+05    5.63760E+05    4.55787E+05    3.62747E+05
    2.89326E+05    2.29585E+05    1.66169E+05    1.23168E+05    9.50766E+04
    7.35037E+04    5.75456E+04    4.67427E+04    3.78559E+04    3.03706E+04
    2.41894E+04    1.91651E+04    1.50967E+04    1.17734E+04    9.16904E+03
    7.14313E+03    5.56441E+03    4.34142E+03    3.67095E+03    2.71596E+03
    2.07877E+03    1.60607E+03    1.25209E+03    9.79167E+02    7.67116E+02
    6.02583E+02    4.75097E+02    3.76636E+02    3.00811E+02    2.42766E+02
    1.98681E+02    1.65633E+02    1.41349E+02    1.24076E+02    1.12485E+02
    1.05565E+02    1.02572E+02    1.02949E+02    1.06315E+02    1.12415E+02
    1.21108E+02    1.32345E+02    1.46162E+02    1.62654E+02    1.81738E+02
    2.04142E+02    2.30253E+02    2.59819E+02    2.93575E+02    3.31990E+02
    3.75692E+02    4.25312E+02    4.81614E+02    5.45489E+02    6.17929E+02
    7.00036E+02    7.93134E+02    8.98624E+02    1.04362E+03    1.24108E+03
    1.34653E+03    1.58243E+03    0.00000E+00    0.00000E+00    0.00000E+00
    0.00000E+00    0.00000E+00    0.00000E+00    0.00000E+00    0.00000E+00
    0.00000E+00    0.00000E+00    0.00000E+00    0.00000E+00    0.00000E+00
    0.00000E+00    0.00000E+00    0.00000E+00    0.00000E+00    0.00000E+00
    0.00000E+00    0.00000E+00    0.00000E+00    0.00000E+00
 0.11518030E-04 0.10015619E-04 0.85433348E-05 0.71289746E-05 0.59874624E-05
 0.51891807E-05 0.46621567E-05 0.41987337E-05 0.38676867E-05 0.36664994E-05
 0.34940360E-05 0.33097931E-05 0.31194384E-05 0.29559856E-05 0.28012769E-05
 0.26397349E-05 0.24777003E-05 0.23407392E-05 0.22055076E-05 0.20669461E-05
 0.19439758E-05 0.18280590E-05 0.17091904E-05 0.15919252E-05 0.14894309E-05
 0.13885611E-05 0.12879622E-05 0.11948106E-05 0.11087920E-05 0.10248966E-05
 0.96897372E-06 0.90908958E-06 0.81937600E-06 0.74079401E-06 0.67766399E-06
 0.61902870E-06 0.56819056E-06 0.51960268E-06 0.47325128E-06 0.42967415E-06
 0.39178011E-06 0.35670254E-06 0.32369570E-06 0.29289279E-06 0.26452028E-06
 0.23885030E-06 0.21686232E-06 0.19691036E-06 0.17893731E-06 0.16300694E-06
 0.14919252E-06 0.13756541E-06 0.12816746E-06 0.12105757E-06 0.11605098E-06
 0.11353040E-06 0.11319730E-06 0.11573007E-06 0.12105487E-06 0.12967722E-06
 0.14176192E-06 0.15804849E-06 0.17884531E-06 0.20524800E-06 0.25673768E-06
 0.35442710E-06 0.49628426E-06 0.69653771E-06 0.10704642E-05 0.20139410E-05
  525  525   11
    0   61 0.528          0.528
    4.94123E+06    4.46859E+06    4.36910E+06    3.22494E+06    1.05867E+06
    4.74412E+05    2.90775E+05    2.13966E+05    1.61188E+05    1.26648E+05
    1.09233E+05    8.80744E+04    6.61168E+04    5.04990E+04    4.43832E+04
    4.47287E+04    3.26296E+04    2.66736E+04    1.99704E+04    1.65628E+04
    1.31553E+04    1.07806E+04    7.96550E+03    6.21014E+03    5.00880E+03
    4.01405E+03    3.81119E+03    2.33056E+03    1.81494E+03    1.41538E+03
    1.10972E+03    8.71521E+02    8.33612E+02    5.89443E+02    5.68677E+02
    6.56385E+02    8.77929E+02    1.18629E+03    1.46713E+03    1.59753E+03
    1.52990E+03    1.49053E+03    1.45833E+03    1.46588E+03    1.49453E+03
    1.53071E+03    1.56776E+03    1.61684E+03    1.70064E+03    1.80386E+03
    1.92828E+03    2.07792E+03    2.24167E+03    2.49531E+03    2.81819E+03
    3.18846E+03    3.61288E+03    4.08784E+03    4.62521E+03    5.23020E+03
    5.90323E+03    6.66206E+03    7.51900E+03    8.48600E+03    9.57779E+03
    1.08095E+04    1.21998E+04    1.37690E+04    1.59006E+04    1.87185E+04
    0.0            0.0            0.0            0.0            0.0
    0.0            0.0            0.0            0.0            0.0
    0.0            0.0            0.0            0.0            0.0
    0.0            0.0            0.0            0.0            0.0
    0.0            0.0            0.0            0.0 
 0.11518030E-04 0.10015619E-04 0.85433348E-05 0.71289746E-05 0.59874624E-05
 0.51891807E-05 0.46621567E-05 0.41987337E-05 0.38676867E-05 0.36664994E-05
 0.34940360E-05 0.33097931E-05 0.31194384E-05 0.29559856E-05 0.28012769E-05
 0.26397349E-05 0.24777003E-05 0.23407392E-05 0.22055076E-05 0.20669461E-05
 0.19439758E-05 0.18280590E-05 0.17091904E-05 0.15919252E-05 0.14894309E-05
 0.13885611E-05 0.12879622E-05 0.11948106E-05 0.11087920E-05 0.10248966E-05
 0.96897372E-06 0.90908958E-06 0.81937600E-06 0.74079401E-06 0.67766399E-06
 0.61902870E-06 0.56819056E-06 0.51960268E-06 0.47325128E-06 0.42967415E-06
 0.39178011E-06 0.35670254E-06 0.32369570E-06 0.29289279E-06 0.26452028E-06
 0.23885030E-06 0.21686232E-06 0.19691036E-06 0.17893731E-06 0.16300694E-06
 0.14919252E-06 0.13756541E-06 0.12816746E-06 0.12105757E-06 0.11605098E-06
 0.11353040E-06 0.11319730E-06 0.11573007E-06 0.12105487E-06 0.12967722E-06
 0.14176192E-06 0.15804849E-06 0.17884531E-06 0.20524800E-06 0.25673768E-06
 0.35442710E-06 0.49628426E-06 0.69653771E-06 0.10704642E-05 0.20139410E-05
     .50000E-02     .64870E+07
     .22220E+00     .63960E+07
     .30000E-02     .57750E+07
     .59000E-01     .56180E+07
     .60000E-02     .51130E+07
     .50000E-02     .50740E+07
     .30000E-02     .49180E+07
     .20000E-02     .45730E+07
     .40000E-02     .44970E+07
     .30000E-02     .44820E+07
     .15000E-01     .41880E+07
     .30000E-02     .41400E+07
     .30000E-02     .41340E+07
     .14800E+00     .39810E+07
     .60000E-02     .39700E+07
     .49000E-01     .38790E+07
     .50000E-02     .37040E+07
     .30000E-02     .36980E+07
     .17000E-01     .36440E+07
     .12000E+00     .35880E+07
     .24000E-01     .35050E+07
     .14000E-01     .34140E+07
     .60000E-02     .34100E+07
     .35000E-01     .33700E+07
     .10000E-01     .32140E+07
     .80000E-02     .31170E+07
     .37000E-01     .31010E+07
     .35000E-01     .30950E+07
     .27000E-01     .30260E+07
     .38000E-01     .29820E+07
     .13000E-01     .29050E+07
     .19000E-01     .28660E+07
     .49000E-01     .28600E+07
     .34000E-01     .28080E+07
     .99000E-01     .27520E+07
     .10000E-01     .25960E+07
     .13700E+00     .25170E+07
     .36000E-01     .25060E+07
     .40000E-01     .24300E+07
     .49000E-01     .24150E+07
     .53000E-01     .22080E+07
     .40000E-01     .20300E+07
     .66000E-01     .20240E+07
     .13000E-01     .19140E+07
     .14000E-01     .18990E+07
     .63000E-01     .16370E+07
     .90000E-02     .14780E+07
     .42000E-01     .13740E+07
     .40000E-01     .13440E+07
     .40000E-01     .13390E+07
     .24000E-01     .13220E+07
     .15000E-01     .12830E+07
     .14000E+00     .87500E+06
     .22600E+00     .86900E+06
     .20000E-01     .83600E+06
     .38000E-01     .78400E+06
     .30000E-02     .62100E+06
     .11000E-01     .56300E+06
     .22000E-01     .49900E+06
     .98900E+00     .47200E+06
     .50000E+00     .91000E+05
  528  528   16
    0    0 0.52           0.52
 0.0            0.0            0.0            0.0            0.0
 0.0            0.0            0.0            0.0            0.0
 0.0            0.0            0.0            0.0            0.0
 0.0            0.0            0.0            0.0            0.0
 0.0            0.0            0.0            0.0            0.0
 0.0            0.0            0.0            0.0            0.0
 0.0            0.0            0.0            0.0            0.0
 0.0            0.0            0.0            0.0            0.0
 0.0            0.0            0.0            0.0            0.0
 0.0            0.0            0.0            0.0            0.0
 0.0            0.0            0.0            0.0            0.0
 0.0            0.0            0.0            0.0            0.0
 0.0            0.0            0.0            0.0            0.0
 0.0            0.0            0.0            0.0            0.0
 0.0            0.0            0.0            0.0            0.0
 0.0            0.0            0.0            0.0            0.0
 0.0            0.0            0.0            0.0            0.0
 0.0            0.0            0.0            0.0            0.0
 0.0            0.0            0.0            0.0
 0.11518030E-04 0.10015619E-04 0.85433348E-05 0.71289746E-05 0.59874624E-05
 0.51891807E-05 0.46621567E-05 0.41987337E-05 0.38676867E-05 0.36664994E-05
 0.34940360E-05 0.33097931E-05 0.31194384E-05 0.29559856E-05 0.28012769E-05
 0.26397349E-05 0.24777003E-05 0.23407392E-05 0.22055076E-05 0.20669461E-05
 0.19439758E-05 0.18280590E-05 0.17091904E-05 0.15919252E-05 0.14894309E-05
 0.13885611E-05 0.12879622E-05 0.11948106E-05 0.11087920E-05 0.10248966E-05
 0.96897372E-06 0.90908958E-06 0.81937600E-06 0.74079401E-06 0.67766399E-06
 0.61902870E-06 0.56819056E-06 0.51960268E-06 0.47325128E-06 0.42967415E-06
 0.39178011E-06 0.35670254E-06 0.32369570E-06 0.29289279E-06 0.26452028E-06
 0.23885030E-06 0.21686232E-06 0.19691036E-06 0.17893731E-06 0.16300694E-06
 0.14919252E-06 0.13756541E-06 0.12816746E-06 0.12105757E-06 0.11605098E-06
 0.11353040E-06 0.11319730E-06 0.11573007E-06 0.12105487E-06 0.12967722E-06
 0.14176192E-06 0.15804849E-06 0.17884531E-06 0.20524800E-06 0.25673768E-06
 0.35442710E-06 0.49628426E-06 0.69653771E-06 0.10704642E-05 0.20139410E-05
  532  532   20
    0    1 0.43           0.43
    3.12510E+06    2.91171E+06    2.66885E+06    2.21910E+06    1.90583E+06
    1.56576E+06    1.18090E+06    8.45863E+05    4.44407E+05    1.89662E+05
    9.72912E+04    6.70387E+04    4.46792E+04    3.79875E+04    3.19662E+04
    2.65978E+04    2.04607E+04    1.53982E+04    1.41106E+04    1.65595E+04
    1.00050E+04    9.76783E+03    8.30314E+03    7.57590E+03    6.36031E+03
    5.14057E+03    4.43744E+03    3.97949E+03    3.71618E+03    3.08039E+03
    2.70789E+03    2.44562E+03    2.28796E+03    2.13980E+03    2.04507E+03
    1.95447E+03    1.87651E+03    1.83602E+03    1.80315E+03    1.78332E+03
    1.76560E+03    1.75356E+03    1.74436E+03    1.73718E+03    1.73173E+03
    1.72748E+03    1.72431E+03    1.72199E+03    1.72018E+03    1.71901E+03
    1.71811E+03    1.71748E+03    1.71739E+03    1.71776E+03    1.71790E+03
    1.71838E+03    1.71925E+03    1.71996E+03    1.72152E+03    1.71606E+03
    1.69508E+03    1.67940E+03    1.66869E+03    1.65414E+03    1.63938E+03
    1.62946E+03    1.61555E+03    1.60482E+03    1.59674E+03    1.58364E+03
    1.57671E+03    1.57195E+03    0.00000E+00    0.00000E+00    0.00000E+00
    0.00000E+00    0.00000E+00    0.00000E+00    0.00000E+00    0.00000E+00
    0.00000E+00    0.00000E+00    0.00000E+00    0.00000E+00    0.00000E+00
    0.00000E+00    0.00000E+00    0.00000E+00    0.00000E+00    0.00000E+00
    0.00000E+00    0.00000E+00    0.00000E+00    0.00000E+00
 0.11518030E-04 0.10015619E-04 0.85433348E-05 0.71289746E-05 0.59874624E-05
 0.51891807E-05 0.46621567E-05 0.41987337E-05 0.38676867E-05 0.36664994E-05
 0.34940360E-05 0.33097931E-05 0.31194384E-05 0.29559856E-05 0.28012769E-05
 0.26397349E-05 0.24777003E-05 0.23407392E-05 0.22055076E-05 0.20669461E-05
 0.19439758E-05 0.18280590E-05 0.17091904E-05 0.15919252E-05 0.14894309E-05
 0.13885611E-05 0.12879622E-05 0.11948106E-05 0.11087920E-05 0.10248966E-05
 0.96897372E-06 0.90908958E-06 0.81937600E-06 0.74079401E-06 0.67766399E-06
 0.61902870E-06 0.56819056E-06 0.51960268E-06 0.47325128E-06 0.42967415E-06
 0.39178011E-06 0.35670254E-06 0.32369570E-06 0.29289279E-06 0.26452028E-06
 0.23885030E-06 0.21686232E-06 0.19691036E-06 0.17893731E-06 0.16300694E-06
 0.14919252E-06 0.13756541E-06 0.12816746E-06 0.12105757E-06 0.11605098E-06
 0.11353040E-06 0.11319730E-06 0.11573007E-06 0.12105487E-06 0.12967722E-06
 0.14176192E-06 0.15804849E-06 0.17884531E-06 0.20524800E-06 0.25673768E-06
 0.35442710E-06 0.49628426E-06 0.69653771E-06 0.10704642E-05 0.20139410E-05
 1.0           7.83        +06
  533  533   12
    0    0 0.063          0.063
    3.05417E+06    3.58418E+06    3.46205E+06    2.76515E+06    1.41884E+06
    5.50320E+05    3.58561E+05    2.45682E+05    1.83256E+05    1.37098E+05
    1.02120E+05    7.28700E+04    5.49915E+04    4.38506E+04    3.70736E+04
    2.63154E+04    2.44302E+04    2.16711E+04    1.75008E+04    1.53592E+04
    1.22300E+04    9.64884E+03    7.57222E+03    6.01895E+03    4.76421E+03
    3.75382E+03    3.02654E+03    2.30030E+03    1.71492E+03    1.33838E+03
    1.02900E+03    8.01186E+02    6.24583E+02    4.87204E+02    3.84429E+02
    2.97360E+02    2.32515E+02    1.81576E+02    1.44253E+02    1.14307E+02
    9.12061E+01    7.33990E+01    5.98167E+01    4.95643E+01    4.19402E+01
    3.65765E+01    3.29618E+01    3.07588E+01    2.97382E+01    2.97382E+01
    3.05912E+01    3.21853E+01    3.45324E+01    3.76500E+01    4.15323E+01
    4.61794E+01    5.17765E+01    5.81971E+01    6.56029E+01    7.41588E+01
    8.41147E+01    9.55118E+01    1.08259E+02    1.22435E+02    1.38409E+02
    1.56668E+02    1.77235E+02    2.00582E+02    2.28735E+02    2.65397E+02
    2.98824E+02    3.94853E+02    0.00000E+00    0.00000E+00    0.00000E+00
    0.00000E+00    0.00000E+00    0.00000E+00    0.00000E+00    0.00000E+00
    0.00000E+00    0.00000E+00    0.00000E+00    0.00000E+00    0.00000E+00
    0.00000E+00    0.00000E+00    0.00000E+00    0.00000E+00    0.00000E+00
    0.00000E+00    0.00000E+00    0.00000E+00    0.00000E+00
 0.11518030E-04 0.10015619E-04 0.85433348E-05 0.71289746E-05 0.59874624E-05
 0.51891807E-05 0.46621567E-05 0.41987337E-05 0.38676867E-05 0.36664994E-05
 0.34940360E-05 0.33097931E-05 0.31194384E-05 0.29559856E-05 0.28012769E-05
 0.26397349E-05 0.24777003E-05 0.23407392E-05 0.22055076E-05 0.20669461E-05
 0.19439758E-05 0.18280590E-05 0.17091904E-05 0.15919252E-05 0.14894309E-05
 0.13885611E-05 0.12879622E-05 0.11948106E-05 0.11087920E-05 0.10248966E-05
 0.96897372E-06 0.90908958E-06 0.81937600E-06 0.74079401E-06 0.67766399E-06
 0.61902870E-06 0.56819056E-06 0.51960268E-06 0.47325128E-06 0.42967415E-06
 0.39178011E-06 0.35670254E-06 0.32369570E-06 0.29289279E-06 0.26452028E-06
 0.23885030E-06 0.21686232E-06 0.19691036E-06 0.17893731E-06 0.16300694E-06
 0.14919252E-06 0.13756541E-06 0.12816746E-06 0.12105757E-06 0.11605098E-06
 0.11353040E-06 0.11319730E-06 0.11573007E-06 0.12105487E-06 0.12967722E-06
 0.14176192E-06 0.15804849E-06 0.17884531E-06 0.20524800E-06 0.25673768E-06
 0.35442710E-06 0.49628426E-06 0.69653771E-06 0.10704642E-05 0.20139410E-05
  536  536    1
    0    1 0.00051        0.00051
    5.27647E+06    4.63540E+06    4.14007E+06    3.50178E+06    2.77216E+06
    2.18327E+06    1.81207E+06    1.56733E+06    1.36297E+06    1.16625E+06
    9.78665E+05    8.07912E+05    6.41893E+05    5.12128E+05    4.15541E+05
    3.26660E+05    2.54036E+05    1.93931E+05    1.44267E+05    1.05709E+05
    7.92586E+04    6.00916E+04    4.60242E+04    3.53997E+04    2.72979E+04
    2.10964E+04    1.63306E+04    1.26581E+04    9.82174E+03    7.62667E+03
    5.92637E+03    4.60783E+03    3.58725E+03    2.79380E+03    2.17581E+03
    1.69454E+03    1.31971E+03    1.02781E+03    8.00448E+02    6.23365E+02
    4.85491E+02    3.78119E+02    2.94478E+02    2.29340E+02    1.78615E+02
    1.39107E+02    1.08337E+02    8.43791E+01    6.57194E+01    5.11851E+01
    3.98687E+01    3.10567E+01    2.41946E+01    1.88513E+01    1.47343E+01
    1.14887E+01    8.93018E+00    6.96875E+00    5.44282E+00    4.25629E+00
    3.33483E+00    2.61965E+00    2.06573E+00    1.63771E+00    1.30826E+00
    1.05606E+00    8.64601E-01    7.21113E-01    6.10250E-01    5.27596E-01
    4.86971E-01    4.64002E-01    0.00000E+00    0.00000E+00    0.00000E+00
    0.00000E+00    0.00000E+00    0.00000E+00    0.00000E+00    0.00000E+00
    0.00000E+00    0.00000E+00    0.00000E+00    0.00000E+00    0.00000E+00
    0.00000E+00    0.00000E+00    0.00000E+00    0.00000E+00    0.00000E+00
    0.00000E+00    0.00000E+00    0.00000E+00    0.00000E+00
 0.11518030E-04 0.10015619E-04 0.85433348E-05 0.71289746E-05 0.59874624E-05
 0.51891807E-05 0.46621567E-05 0.41987337E-05 0.38676867E-05 0.36664994E-05
 0.34940360E-05 0.33097931E-05 0.31194384E-05 0.29559856E-05 0.28012769E-05
 0.26397349E-05 0.24777003E-05 0.23407392E-05 0.22055076E-05 0.20669461E-05
 0.19439758E-05 0.18280590E-05 0.17091904E-05 0.15919252E-05 0.14894309E-05
 0.13885611E-05 0.12879622E-05 0.11948106E-05 0.11087920E-05 0.10248966E-05
 0.96897372E-06 0.90908958E-06 0.81937600E-06 0.74079401E-06 0.67766399E-06
 0.61902870E-06 0.56819056E-06 0.51960268E-06 0.47325128E-06 0.42967415E-06
 0.39178011E-06 0.35670254E-06 0.32369570E-06 0.29289279E-06 0.26452028E-06
 0.23885030E-06 0.21686232E-06 0.19691036E-06 0.17893731E-06 0.16300694E-06
 0.14919252E-06 0.13756541E-06 0.12816746E-06 0.12105757E-06 0.11605098E-06
 0.11353040E-06 0.11319730E-06 0.11573007E-06 0.12105487E-06 0.12967722E-06
 0.14176192E-06 0.15804849E-06 0.17884531E-06 0.20524800E-06 0.25673768E-06
 0.35442710E-06 0.49628426E-06 0.69653771E-06 0.10704642E-05 0.20139410E-05
 1.0            6.251      +06
  541  541   17
    0   31 33.205        32.85
    1.94527E+06    1.82025E+06    1.67543E+06    1.48803E+06    1.16777E+06
    8.46144E+05    5.73760E+05    3.53353E+05    1.97444E+05    1.31145E+05
    9.01990E+04    6.57107E+04    4.84673E+04    3.74296E+04    3.02051E+04
    2.38624E+04    1.93904E+04    1.62089E+04    1.32978E+04    1.07124E+04
    8.70350E+03    7.01566E+03    5.73421E+03    4.60493E+03    3.89429E+03
    3.44978E+03    3.41027E+03    2.51183E+03    3.39185E+03    2.63830E+03
    1.90717E+03    2.35668E+03    1.33994E+03    7.65526E+02    1.24861E+03
    9.62664E+02    1.25682E+03    1.68652E+03    1.56155E+03    1.72967E+03
    1.75621E+03    1.79237E+03    1.84974E+03    1.85910E+03    1.14432E+03
    1.89468E+03    1.80458E+03    1.70462E+03    1.74732E+03    1.79592E+03
    1.70439E+03    1.62993E+03    1.62435E+03    1.67159E+03    1.74385E+03
    1.84211E+03    1.93578E+03    2.08688E+03    2.24935E+03    2.42730E+03
    2.65138E+03    2.84188E+03    3.12459E+03    3.46559E+03    3.85090E+03
    4.27813E+03    4.73153E+03    5.21164E+03    5.72659E+03    6.27923E+03
    6.82663E+03    7.41793E+03    7.88941E+03    8.07052E+03    8.25054E+03
    8.44731E+03    8.57429E+03    8.66224E+03    8.75371E+03    8.89621E+03
    9.10240E+03    9.32734E+03    9.66906E+03    1.01381E+04    1.04821E+04
    1.10221E+04    1.19553E+04    1.26378E+04    1.35150E+04    1.46939E+04
    1.58165E+04    1.68117E+04    1.82594E+04    2.16689E+04
 0.11518030E-04 0.10015619E-04 0.85433348E-05 0.71289746E-05 0.59874624E-05
 0.51891807E-05 0.46621567E-05 0.41987337E-05 0.38676867E-05 0.36664994E-05
 0.34940360E-05 0.33097931E-05 0.31194384E-05 0.29559856E-05 0.28012769E-05
 0.26397349E-05 0.24777003E-05 0.23407392E-05 0.22055076E-05 0.20669461E-05
 0.19439758E-05 0.18280590E-05 0.17091904E-05 0.15919252E-05 0.14894309E-05
 0.13885611E-05 0.12879622E-05 0.11948106E-05 0.11087920E-05 0.10248966E-05
 0.96897372E-06 0.90908958E-06 0.81937600E-06 0.74079401E-06 0.67766399E-06
 0.61902870E-06 0.56819056E-06 0.51960268E-06 0.47325128E-06 0.42967415E-06
 0.39178011E-06 0.35670254E-06 0.32369570E-06 0.29289279E-06 0.26452028E-06
 0.23885030E-06 0.21686232E-06 0.19691036E-06 0.17893731E-06 0.16300694E-06
 0.14919252E-06 0.13756541E-06 0.12816746E-06 0.12105757E-06 0.11605098E-06
 0.11353040E-06 0.11319730E-06 0.11573007E-06 0.12105487E-06 0.12967722E-06
 0.14176192E-06 0.15804849E-06 0.17884531E-06 0.20524800E-06 0.25673768E-06
 0.35442710E-06 0.49628426E-06 0.69653771E-06 0.10704642E-05 0.20139410E-05
     .25900E-01     .85770E+07
     .77700E-01     .74980E+07
     .11290E+00     .74130E+07
     .25900E-01     .69790E+07
     .12950E+00     .66200E+07
     .78000E-02     .63600E+07
     .25030E+00     .61080E+07
     .43000E-02     .59500E+07
     .86000E-02     .58960E+07
     .60400E-01     .57070E+07
     .78000E-02     .55750E+07
     .52000E-02     .52380E+07
     .86000E-02     .50100E+07
     .43200E-01     .49710E+07
     .52000E-02     .45360E+07
     .52000E-02     .40410E+07
     .86000E-02     .35600E+07
     .52000E-02     .33390E+07
     .78000E-02     .30020E+07
     .60400E-01     .28700E+07
     .86000E-02     .26810E+07
     .43000E-02     .26200E+07
     .26600E-01     .24690E+07
     .78000E-02     .22100E+07
     .12520E+00     .19570E+07
     .14720E+00     .16490E+07
     .25900E-01     .15980E+07
     .11290E+00     .11640E+07
     .21600E-01     .11370E+07
     .24530E+00     .52000E+06
     .20170E+00     .79000E+05
  542  542   19
    0   47 2.1556         2.1
    4.29575E+06    4.19162E+06    3.80868E+06    3.07293E+06    2.14977E+06
    1.43576E+06    9.63899E+05    6.09464E+05    3.16468E+05    1.83505E+05
    1.09922E+05    6.89921E+04    4.41215E+04    3.37174E+04    2.71336E+04
    2.16519E+04    1.77590E+04    1.45206E+04    1.17362E+04    9.41753E+03
    7.51018E+03    6.00876E+03    4.79473E+03    3.85366E+03    3.09179E+03
    2.60373E+03    2.44486E+03    2.00591E+03    2.54055E+03    1.93032E+03
    8.92889E+02    1.79873E+03    1.96415E+03    6.71323E+02    1.19967E+03
    2.18679E+03    2.58482E+03    8.61957E+02    8.65541E+02    9.08901E+02
    9.67621E+02    1.04096E+03    1.12755E+03    1.23030E+03    1.34920E+03
    1.48177E+03    1.62944E+03    1.79014E+03    1.95863E+03    2.14317E+03
    2.34970E+03    2.58129E+03    2.84812E+03    3.16108E+03    3.49886E+03
    3.87593E+03    4.30235E+03    4.79178E+03    5.34107E+03    5.94210E+03
    6.57928E+03    7.29571E+03    8.12968E+03    9.08005E+03    1.01567E+04
    1.13640E+04    1.27575E+04    1.43386E+04    1.64177E+04    1.89244E+04
    2.01871E+04    2.29032E+04    5.29937E+04    5.29937E+04    5.29937E+04
    5.29937E+04    5.29937E+04    5.29937E+04    5.29937E+04    5.29937E+04
    5.29937E+04    5.29937E+04    5.29937E+04    5.29937E+04    5.29937E+04
    5.29937E+04    5.29937E+04    5.29937E+04    5.29937E+04    5.29937E+04
    5.29937E+04    5.29937E+04    5.29937E+04    5.29937E+04
 0.11518030E-04 0.10015619E-04 0.85433348E-05 0.71289746E-05 0.59874624E-05
 0.51891807E-05 0.46621567E-05 0.41987337E-05 0.38676867E-05 0.36664994E-05
 0.34940360E-05 0.33097931E-05 0.31194384E-05 0.29559856E-05 0.28012769E-05
 0.26397349E-05 0.24777003E-05 0.23407392E-05 0.22055076E-05 0.20669461E-05
 0.19439758E-05 0.18280590E-05 0.17091904E-05 0.15919252E-05 0.14894309E-05
 0.13885611E-05 0.12879622E-05 0.11948106E-05 0.11087920E-05 0.10248966E-05
 0.96897372E-06 0.90908958E-06 0.81937600E-06 0.74079401E-06 0.67766399E-06
 0.61902870E-06 0.56819056E-06 0.51960268E-06 0.47325128E-06 0.42967415E-06
 0.39178011E-06 0.35670254E-06 0.32369570E-06 0.29289279E-06 0.26452028E-06
 0.23885030E-06 0.21686232E-06 0.19691036E-06 0.17893731E-06 0.16300694E-06
 0.14919252E-06 0.13756541E-06 0.12816746E-06 0.12105757E-06 0.11605098E-06
 0.11353040E-06 0.11319730E-06 0.11573007E-06 0.12105487E-06 0.12967722E-06
 0.14176192E-06 0.15804849E-06 0.17884531E-06 0.20524800E-06 0.25673768E-06
 0.35442710E-06 0.49628426E-06 0.69653771E-06 0.10704642E-05 0.20139410E-05
     .80000E-02     .93900E+07
     .10000E-02     .84500E+07
     .61000E-01     .77680E+07
     .30000E-02     .73400E+07
     .24000E-01     .70000E+07
     .68000E-01     .57460E+07
     .64000E-01     .55690E+07
     .31000E-01     .55080E+07
     .72000E-01     .53880E+07
     .25000E-01     .51780E+07
     .19000E-01     .50580E+07
     .21000E-01     .50180E+07
     .15000E-01     .47700E+07
     .19000E-01     .46580E+07
     .10000E-01     .45000E+07
     .11000E+00     .43880E+07
     .28000E-01     .41380E+07
     .50000E-01     .40020E+07
     .20000E-01     .37700E+07
     .40000E-01     .36300E+07
     .60000E-01     .35980E+07
     .30000E-01     .35600E+07
     .77000E-01     .33980E+07
     .40000E-01     .33800E+07
     .15000E-01     .31500E+07
     .40000E-01     .30400E+07
     .65000E-01     .29980E+07
     .40000E-01     .27100E+07
     .40000E-01     .25900E+07
     .50000E-01     .25200E+07
     .20000E-01     .23800E+07
     .30000E-01     .23420E+07
     .90000E-01     .20700E+07
     .70000E-01     .20220E+07
     .40000E-01     .19420E+07
     .20000E-01     .18900E+07
     .60000E-01     .17900E+07
     .13000E+00     .16180E+07
     .30000E-01     .16120E+07
     .50000E-01     .15600E+07
     .20000E-01     .14920E+07
     .20000E-01     .12540E+07
     .70000E-01     .10000E+07
     .20000E-01     .89000E+06
     .30000E-01     .85000E+06
     .26000E+00     .76800E+06
     .30000E-01     .65000E+06
  543  543   15
    0    0 0.18           0.18
 0.0            0.0            0.0            0.0            0.0
 0.0            0.0            0.0            0.0            0.0
 0.0            0.0            0.0            0.0            0.0
 0.0            0.0            0.0            0.0            0.0
 0.0            0.0            0.0            0.0            0.0
 0.0            0.0            0.0            0.0            0.0
 0.0            0.0            0.0            0.0            0.0
 0.0            0.0            0.0            0.0            0.0
 0.0            0.0            0.0            0.0            0.0
 0.0            0.0            0.0            0.0            0.0
 0.0            0.0            0.0            0.0            0.0
 0.0            0.0            0.0            0.0            0.0
 0.0            0.0            0.0            0.0            0.0
 0.0            0.0            0.0            0.0            0.0
 0.0            0.0            0.0            0.0            0.0
 0.0            0.0            0.0            0.0            0.0
 0.0            0.0            0.0            0.0            0.0
 0.0            0.0            0.0            0.0            0.0
 0.0            0.0            0.0            0.0
 0.11518030E-04 0.10015619E-04 0.85433348E-05 0.71289746E-05 0.59874624E-05
 0.51891807E-05 0.46621567E-05 0.41987337E-05 0.38676867E-05 0.36664994E-05
 0.34940360E-05 0.33097931E-05 0.31194384E-05 0.29559856E-05 0.28012769E-05
 0.26397349E-05 0.24777003E-05 0.23407392E-05 0.22055076E-05 0.20669461E-05
 0.19439758E-05 0.18280590E-05 0.17091904E-05 0.15919252E-05 0.14894309E-05
 0.13885611E-05 0.12879622E-05 0.11948106E-05 0.11087920E-05 0.10248966E-05
 0.96897372E-06 0.90908958E-06 0.81937600E-06 0.74079401E-06 0.67766399E-06
 0.61902870E-06 0.56819056E-06 0.51960268E-06 0.47325128E-06 0.42967415E-06
 0.39178011E-06 0.35670254E-06 0.32369570E-06 0.29289279E-06 0.26452028E-06
 0.23885030E-06 0.21686232E-06 0.19691036E-06 0.17893731E-06 0.16300694E-06
 0.14919252E-06 0.13756541E-06 0.12816746E-06 0.12105757E-06 0.11605098E-06
 0.11353040E-06 0.11319730E-06 0.11573007E-06 0.12105487E-06 0.12967722E-06
 0.14176192E-06 0.15804849E-06 0.17884531E-06 0.20524800E-06 0.25673768E-06
 0.35442710E-06 0.49628426E-06 0.69653771E-06 0.10704642E-05 0.20139410E-05
  830  830    6
   2    3 0.00336        0.00336
    4.39923E+06    3.60093E+06    2.78782E+06    1.76453E+06    1.17694E+06
    6.86690E+05    5.69338E+05    4.72926E+05    4.73578E+05    3.71157E+05
    2.74215E+05    2.06151E+05    1.55410E+05    1.21150E+05    9.73674E+04
    7.65502E+04    6.01154E+04    4.71594E+04    3.70453E+04    2.90516E+04
    2.27466E+04    1.77888E+04    1.38972E+04    1.08511E+04    8.46656E+03
    6.60409E+03    5.14932E+03    4.01405E+03    3.12832E+03    2.43768E+03
    1.89922E+03    1.47965E+03    1.15270E+03    8.97964E+02    6.99478E+02
    5.44842E+02    4.24379E+02    3.30552E+02    2.57450E+02    2.00508E+02
    1.56168E+02    1.21628E+02    9.47289E+01    7.37798E+01    5.74623E+01
    4.47542E+01    3.48583E+01    2.71520E+01    2.11505E+01    1.64770E+01
    1.28379E+01    1.00049E+01    7.79928E+00    6.08247E+00    4.76031E+00
    3.71889E+00    2.89907E+00    2.27147E+00    1.78449E+00    1.40723E+00
    1.11570E+00    8.91412E-01    7.19683E-01    5.89299E-01    4.91639E-01
    4.19964E-01    3.69073E-01    3.35017E-01    3.16028E-01    3.12032E-01
    3.10997E-01    3.30628E-01    0.00000E+00    0.00000E+00    0.00000E+00
    0.00000E+00    0.00000E+00    0.00000E+00    0.00000E+00    0.00000E+00
    0.00000E+00    0.00000E+00    0.00000E+00    0.00000E+00    0.00000E+00
    0.00000E+00    0.00000E+00    0.00000E+00    0.00000E+00    0.00000E+00
    0.00000E+00    0.00000E+00    0.00000E+00    0.00000E+00
 0.11518030E-04 0.10015619E-04 0.85433348E-05 0.71289746E-05 0.59874624E-05
 0.51891807E-05 0.46621567E-05 0.41987337E-05 0.38676867E-05 0.36664994E-05
 0.34940360E-05 0.33097931E-05 0.31194384E-05 0.29559856E-05 0.28012769E-05
 0.26397349E-05 0.24777003E-05 0.23407392E-05 0.22055076E-05 0.20669461E-05
 0.19439758E-05 0.18280590E-05 0.17091904E-05 0.15919252E-05 0.14894309E-05
 0.13885611E-05 0.12879622E-05 0.11948106E-05 0.11087920E-05 0.10248966E-05
 0.96897372E-06 0.90908958E-06 0.81937600E-06 0.74079401E-06 0.67766399E-06
 0.61902870E-06 0.56819056E-06 0.51960268E-06 0.47325128E-06 0.42967415E-06
 0.39178011E-06 0.35670254E-06 0.32369570E-06 0.29289279E-06 0.26452028E-06
 0.23885030E-06 0.21686232E-06 0.19691036E-06 0.17893731E-06 0.16300694E-06
 0.14919252E-06 0.13756541E-06 0.12816746E-06 0.12105757E-06 0.11605098E-06
 0.11353040E-06 0.11319730E-06 0.11573007E-06 0.12105487E-06 0.12967722E-06
 0.14176192E-06 0.15804849E-06 0.17884531E-06 0.20524800E-06 0.25673768E-06
 0.35442710E-06 0.49628426E-06 0.69653771E-06 0.10704642E-05 0.20139410E-05
 0.68           4.9465     +06
 0.32           3.684      +06
 0.32           1.2625     +06
  507  507   82
    0    0 0.14           0.14
 0.0            0.0            0.0            0.0            0.0
 0.0            0.0            0.0            0.0            0.0
 0.0            0.0            0.0            0.0            0.0
 0.0            0.0            0.0            0.0            0.0
 0.0            0.0            0.0            0.0            0.0
 0.0            0.0            0.0            0.0            0.0
 0.0            0.0            0.0            0.0            0.0
 0.0            0.0            0.0            0.0            0.0
 0.0            0.0            0.0            0.0            0.0
 0.0            0.0            0.0            0.0            0.0
 0.0            0.0            0.0            0.0            0.0
 0.0            0.0            0.0            0.0            0.0
 0.0            0.0            0.0            0.0            0.0
 0.0            0.0            0.0            0.0            0.0
 0.0            0.0            0.0            0.0            0.0
 0.0            0.0            0.0            0.0            0.0
 0.0            0.0            0.0            0.0            0.0
 0.0            0.0            0.0            0.0            0.0
 0.0            0.0            0.0            0.0
 0.11518030E-04 0.10015619E-04 0.85433348E-05 0.71289746E-05 0.59874624E-05
 0.51891807E-05 0.46621567E-05 0.41987337E-05 0.38676867E-05 0.36664994E-05
 0.34940360E-05 0.33097931E-05 0.31194384E-05 0.29559856E-05 0.28012769E-05
 0.26397349E-05 0.24777003E-05 0.23407392E-05 0.22055076E-05 0.20669461E-05
 0.19439758E-05 0.18280590E-05 0.17091904E-05 0.15919252E-05 0.14894309E-05
 0.13885611E-05 0.12879622E-05 0.11948106E-05 0.11087920E-05 0.10248966E-05
 0.96897372E-06 0.90908958E-06 0.81937600E-06 0.74079401E-06 0.67766399E-06
 0.61902870E-06 0.56819056E-06 0.51960268E-06 0.47325128E-06 0.42967415E-06
 0.39178011E-06 0.35670254E-06 0.32369570E-06 0.29289279E-06 0.26452028E-06
 0.23885030E-06 0.21686232E-06 0.19691036E-06 0.17893731E-06 0.16300694E-06
 0.14919252E-06 0.13756541E-06 0.12816746E-06 0.12105757E-06 0.11605098E-06
 0.11353040E-06 0.11319730E-06 0.11573007E-06 0.12105487E-06 0.12967722E-06
 0.14176192E-06 0.15804849E-06 0.17884531E-06 0.20524800E-06 0.25673768E-06
 0.35442710E-06 0.49628426E-06 0.69653771E-06 0.10704642E-05 0.20139410E-05
  537  537    9
    0    0 0.021          0.021
 0.0            0.0            0.0            0.0            0.0
 0.0            0.0            0.0            0.0            0.0
 0.0            0.0            0.0            0.0            0.0
 0.0            0.0            0.0            0.0            0.0
 0.0            0.0            0.0            0.0            0.0
 0.0            0.0            0.0            0.0            0.0
 0.0            0.0            0.0            0.0            0.0
 0.0            0.0            0.0            0.0            0.0
 0.0            0.0            0.0            0.0            0.0
 0.0            0.0            0.0            0.0            0.0
 0.0            0.0            0.0            0.0            0.0
 0.0            0.0            0.0            0.0            0.0
 0.0            0.0            0.0            0.0            0.0
 0.0            0.0            0.0            0.0            0.0
 0.0            0.0            0.0            0.0            0.0
 0.0            0.0            0.0            0.0            0.0
 0.0            0.0            0.0            0.0            0.0
 0.0            0.0            0.0            0.0            0.0
 0.0            0.0            0.0            0.0
 0.11518030E-04 0.10015619E-04 0.85433348E-05 0.71289746E-05 0.59874624E-05
 0.51891807E-05 0.46621567E-05 0.41987337E-05 0.38676867E-05 0.36664994E-05
 0.34940360E-05 0.33097931E-05 0.31194384E-05 0.29559856E-05 0.28012769E-05
 0.26397349E-05 0.24777003E-05 0.23407392E-05 0.22055076E-05 0.20669461E-05
 0.19439758E-05 0.18280590E-05 0.17091904E-05 0.15919252E-05 0.14894309E-05
 0.13885611E-05 0.12879622E-05 0.11948106E-05 0.11087920E-05 0.10248966E-05
 0.96897372E-06 0.90908958E-06 0.81937600E-06 0.74079401E-06 0.67766399E-06
 0.61902870E-06 0.56819056E-06 0.51960268E-06 0.47325128E-06 0.42967415E-06
 0.39178011E-06 0.35670254E-06 0.32369570E-06 0.29289279E-06 0.26452028E-06
 0.23885030E-06 0.21686232E-06 0.19691036E-06 0.17893731E-06 0.16300694E-06
 0.14919252E-06 0.13756541E-06 0.12816746E-06 0.12105757E-06 0.11605098E-06
 0.11353040E-06 0.11319730E-06 0.11573007E-06 0.12105487E-06 0.12967722E-06
 0.14176192E-06 0.15804849E-06 0.17884531E-06 0.20524800E-06 0.25673768E-06
 0.35442710E-06 0.49628426E-06 0.69653771E-06 0.10704642E-05 0.20139410E-05
  508  508    1
    2    1 0.332          0.332
    8.10688E+06    7.22868E+06    6.53310E+06    5.59008E+06    4.45600E+06
    3.46683E+06    2.69710E+06    2.09656E+06    1.63251E+06    1.27129E+06
    9.89571E+05    7.70357E+05    5.85611E+05    4.54960E+05    3.63452E+05
    2.82995E+05    2.20292E+05    1.71530E+05    1.33590E+05    1.04041E+05
    8.10203E+04    6.30961E+04    4.91187E+04    3.82654E+04    2.97894E+04
    2.32062E+04    1.80716E+04    1.40778E+04    1.09641E+04    8.53513E+03
    6.64825E+03    5.17781E+03    4.03252E+03    3.14074E+03    2.44616E+03
    1.90530E+03    1.48389E+03    1.15572E+03    9.00044E+02    7.00942E+02
    5.45880E+02    4.25138E+02    3.31101E+02    2.57866E+02    2.00819E+02
    1.56402E+02    1.21807E+02    9.48629E+01    7.38805E+01    5.75341E+01
    4.48030E+01    3.48774E+01    2.71501E+01    2.11353E+01    1.65029E+01
    1.28498E+01    9.97124E+00    7.76246E+00    6.04324E+00    4.70443E+00
    3.66255E+00    2.85160E+00    2.21972E+00    1.72870E+00    1.34594E+00
    1.04746E+00    8.16550E-01    6.35896E-01    4.85051E-01    3.53719E-01
    2.87505E-01    2.16851E-01    0.00000E+00    0.00000E+00    0.00000E+00
    0.00000E+00    0.00000E+00    0.00000E+00    0.00000E+00    0.00000E+00
    0.00000E+00    0.00000E+00    0.00000E+00    0.00000E+00    0.00000E+00
    0.00000E+00    0.00000E+00    0.00000E+00    0.00000E+00    0.00000E+00
    0.00000E+00    0.00000E+00    0.00000E+00    0.00000E+00
 0.11518030E-04 0.10015619E-04 0.85433348E-05 0.71289746E-05 0.59874624E-05
 0.51891807E-05 0.46621567E-05 0.41987337E-05 0.38676867E-05 0.36664994E-05
 0.34940360E-05 0.33097931E-05 0.31194384E-05 0.29559856E-05 0.28012769E-05
 0.26397349E-05 0.24777003E-05 0.23407392E-05 0.22055076E-05 0.20669461E-05
 0.19439758E-05 0.18280590E-05 0.17091904E-05 0.15919252E-05 0.14894309E-05
 0.13885611E-05 0.12879622E-05 0.11948106E-05 0.11087920E-05 0.10248966E-05
 0.96897372E-06 0.90908958E-06 0.81937600E-06 0.74079401E-06 0.67766399E-06
 0.61902870E-06 0.56819056E-06 0.51960268E-06 0.47325128E-06 0.42967415E-06
 0.39178011E-06 0.35670254E-06 0.32369570E-06 0.29289279E-06 0.26452028E-06
 0.23885030E-06 0.21686232E-06 0.19691036E-06 0.17893731E-06 0.16300694E-06
 0.14919252E-06 0.13756541E-06 0.12816746E-06 0.12105757E-06 0.11605098E-06
 0.11353040E-06 0.11319730E-06 0.11573007E-06 0.12105487E-06 0.12967722E-06
 0.14176192E-06 0.15804849E-06 0.17884531E-06 0.20524800E-06 0.25673768E-06
 0.35442710E-06 0.49628426E-06 0.69653771E-06 0.10704642E-05 0.20139410E-05
  1.0           2.2246     +06
  523  523   48
    0   19 2450.0         2450.0
    0.0            0.0            0.0            0.0            0.0
    0.0            0.0            0.0            0.0            0.0
    0.0            0.0            0.0            0.0            0.0
    0.0            0.0            0.0            0.0            0.0
    0.0            0.0            0.0            0.0            0.0
    0.0            0.0            0.0            0.0            0.0
    0.0            0.0            0.0            0.0            0.0
    0.0            0.0            0.0            0.0            0.0
    0.0            0.0            0.0            0.0            0.0
    0.0            0.0            0.0            0.0            0.0
    0.0            0.0            0.0            0.0            0.0
    0.0            0.0            0.0            0.0            0.0
    0.0            0.0            0.0            0.0            0.0
    0.0            0.0            0.0            0.0            0.0
    0.0            0.0            0.0            0.0            0.0
    0.0            0.0            0.0            0.0            0.0
    0.0            0.0            0.0            0.0            0.0
    0.0            0.0            0.0            0.0            0.0
    0.0            0.0            0.0            0.0 
    0.0            0.0            0.0            0.0            0.0
    0.0            0.0            0.0            0.0            0.0
    0.0            0.0            0.0            0.0            0.0
    0.0            0.0            0.0            0.0            0.0
    0.0            0.0            0.0            0.0            0.0
    0.0            0.0            0.0            0.0            0.0
    0.0            0.0            0.0            0.0            0.0
    0.0            0.0            0.0            0.0            0.0
    0.0            0.0            0.0            0.0            0.0
    0.0            0.0            0.0            0.0            0.0
    0.0            0.0            0.0            0.0            0.0
    0.0            0.0            0.0            0.0            0.0
    0.0            0.0            0.0            0.0            0.0
    0.0            0.0            0.0            0.0            0.0
    5.99985E-03    9.00000E+06
    5.00000E-03    7.50000E+06
    8.00000E-02    6.50000E+06
    7.00000E-02    5.50000E+06
    3.70000E-01    4.50000E+06
    3.60000E-01    3.50000E+06
    9.59999E-01    2.50000E+06
    4.70001E-01    1.75000E+06
    4.50000E-01    1.25000E+06
    5.00000E-01    9.00000E+05
    5.00000E-01    7.50000E+05
    4.00000E-01    6.50000E+05
    3.00000E-01    5.00000E+05
    1.00000E-01    3.50000E+05
    1.00000E-01    2.00000E+05
    1.00000E-01    8.00000E+04
    1.00000E-01    4.50000E+04
    1.00000E-01    2.50000E+04
    1.00000E-01    1.50000E+04
  508    1    1
    0    1 0.332          0.332
    8.10688E+06    7.22868E+06    6.53310E+06    5.59008E+06    4.45600E+06
    3.46683E+06    2.69710E+06    2.09656E+06    1.63251E+06    1.27129E+06
    9.89571E+05    7.70357E+05    5.85611E+05    4.54960E+05    3.63452E+05
    2.82995E+05    2.20292E+05    1.71530E+05    1.33590E+05    1.04041E+05
    8.10203E+04    6.30961E+04    4.91187E+04    3.82654E+04    2.97894E+04
    2.32062E+04    1.80716E+04    1.40778E+04    1.09641E+04    8.53513E+03
    6.64825E+03    5.17781E+03    4.03252E+03    3.14074E+03    2.44616E+03
    1.90530E+03    1.48389E+03    1.15572E+03    9.00044E+02    7.00942E+02
    5.45880E+02    4.25138E+02    3.31101E+02    2.57866E+02    2.00819E+02
    1.56402E+02    1.21807E+02    9.48629E+01    7.38805E+01    5.75341E+01
    4.48030E+01    3.48774E+01    2.71501E+01    2.11353E+01    1.65029E+01
    1.28498E+01    9.97124E+00    7.76246E+00    6.04324E+00    4.70443E+00
    3.66255E+00    2.85160E+00    2.21972E+00    1.72870E+00    1.34594E+00
    1.04746E+00    8.16550E-01    6.35896E-01    4.85051E-01    3.53719E-01
    2.87505E-01    2.16851E-01    0.00000E+00    0.00000E+00    0.00000E+00
    0.00000E+00    0.00000E+00    0.00000E+00    0.00000E+00    0.00000E+00
    0.00000E+00    0.00000E+00    0.00000E+00    0.00000E+00    0.00000E+00
    0.00000E+00    0.00000E+00    0.00000E+00    0.00000E+00    0.00000E+00
    0.00000E+00    0.00000E+00    0.00000E+00    0.00000E+00
 0.11518030E-04 0.10015619E-04 0.85433348E-05 0.71289746E-05 0.59874624E-05
 0.51891807E-05 0.46621567E-05 0.41987337E-05 0.38676867E-05 0.36664994E-05
 0.34940360E-05 0.33097931E-05 0.31194384E-05 0.29559856E-05 0.28012769E-05
 0.26397349E-05 0.24777003E-05 0.23407392E-05 0.22055076E-05 0.20669461E-05
 0.19439758E-05 0.18280590E-05 0.17091904E-05 0.15919252E-05 0.14894309E-05
 0.13885611E-05 0.12879622E-05 0.11948106E-05 0.11087920E-05 0.10248966E-05
 0.96897372E-06 0.90908958E-06 0.81937600E-06 0.74079401E-06 0.67766399E-06
 0.61902870E-06 0.56819056E-06 0.51960268E-06 0.47325128E-06 0.42967415E-06
 0.39178011E-06 0.35670254E-06 0.32369570E-06 0.29289279E-06 0.26452028E-06
 0.23885030E-06 0.21686232E-06 0.19691036E-06 0.17893731E-06 0.16300694E-06
 0.14919252E-06 0.13756541E-06 0.12816746E-06 0.12105757E-06 0.11605098E-06
 0.11353040E-06 0.11319730E-06 0.11573007E-06 0.12105487E-06 0.12967722E-06
 0.14176192E-06 0.15804849E-06 0.17884531E-06 0.20524800E-06 0.25673768E-06
 0.35442710E-06 0.49628426E-06 0.69653771E-06 0.10704642E-05 0.20139410E-05
  1.0           2.2246     +06
  508    2    1
    0    1 0.332          0.332
    8.10688E+06    7.22868E+06    6.53310E+06    5.59008E+06    4.45600E+06
    3.46683E+06    2.69710E+06    2.09656E+06    1.63251E+06    1.27129E+06
    9.89571E+05    7.70357E+05    5.85611E+05    4.54960E+05    3.63452E+05
    2.82995E+05    2.20292E+05    1.71530E+05    1.33590E+05    1.04041E+05
    8.10203E+04    6.30961E+04    4.91187E+04    3.82654E+04    2.97894E+04
    2.32062E+04    1.80716E+04    1.40778E+04    1.09641E+04    8.53513E+03
    6.64825E+03    5.17781E+03    4.03252E+03    3.14074E+03    2.44616E+03
    1.90530E+03    1.48389E+03    1.15572E+03    9.00044E+02    7.00942E+02
    5.45880E+02    4.25138E+02    3.31101E+02    2.57866E+02    2.00819E+02
    1.56402E+02    1.21807E+02    9.48629E+01    7.38805E+01    5.75341E+01
    4.48030E+01    3.48774E+01    2.71501E+01    2.11353E+01    1.65029E+01
    1.28498E+01    9.97124E+00    7.76246E+00    6.04324E+00    4.70443E+00
    3.66255E+00    2.85160E+00    2.21972E+00    1.72870E+00    1.34594E+00
    1.04746E+00    8.16550E-01    6.35896E-01    4.85051E-01    3.53719E-01
    2.87505E-01    2.16851E-01    0.00000E+00    0.00000E+00    0.00000E+00
    0.00000E+00    0.00000E+00    0.00000E+00    0.00000E+00    0.00000E+00
    0.00000E+00    0.00000E+00    0.00000E+00    0.00000E+00    0.00000E+00
    0.00000E+00    0.00000E+00    0.00000E+00    0.00000E+00    0.00000E+00
    0.00000E+00    0.00000E+00    0.00000E+00    0.00000E+00
 0.11518030E-04 0.10015619E-04 0.85433348E-05 0.71289746E-05 0.59874624E-05
 0.51891807E-05 0.46621567E-05 0.41987337E-05 0.38676867E-05 0.36664994E-05
 0.34940360E-05 0.33097931E-05 0.31194384E-05 0.29559856E-05 0.28012769E-05
 0.26397349E-05 0.24777003E-05 0.23407392E-05 0.22055076E-05 0.20669461E-05
 0.19439758E-05 0.18280590E-05 0.17091904E-05 0.15919252E-05 0.14894309E-05
 0.13885611E-05 0.12879622E-05 0.11948106E-05 0.11087920E-05 0.10248966E-05
 0.96897372E-06 0.90908958E-06 0.81937600E-06 0.74079401E-06 0.67766399E-06
 0.61902870E-06 0.56819056E-06 0.51960268E-06 0.47325128E-06 0.42967415E-06
 0.39178011E-06 0.35670254E-06 0.32369570E-06 0.29289279E-06 0.26452028E-06
 0.23885030E-06 0.21686232E-06 0.19691036E-06 0.17893731E-06 0.16300694E-06
 0.14919252E-06 0.13756541E-06 0.12816746E-06 0.12105757E-06 0.11605098E-06
 0.11353040E-06 0.11319730E-06 0.11573007E-06 0.12105487E-06 0.12967722E-06
 0.14176192E-06 0.15804849E-06 0.17884531E-06 0.20524800E-06 0.25673768E-06
 0.35442710E-06 0.49628426E-06 0.69653771E-06 0.10704642E-05 0.20139410E-05
  1.0           2.2246     +06
  554  554   83
    0    0 0.19           0.19
 0.0            0.0            0.0            0.0            0.0
 0.0            0.0            0.0            0.0            0.0
 0.0            0.0            0.0            0.0            0.0
 0.0            0.0            0.0            0.0            0.0
 0.0            0.0            0.0            0.0            0.0
 0.0            0.0            0.0            0.0            0.0
 0.0            0.0            0.0            0.0            0.0
 0.0            0.0            0.0            0.0            0.0
 0.0            0.0            0.0            0.0            0.0
 0.0            0.0            0.0            0.0            0.0
 0.0            0.0            0.0            0.0            0.0
 0.0            0.0            0.0            0.0            0.0
 0.0            0.0            0.0            0.0            0.0
 0.0            0.0            0.0            0.0            0.0
 0.0            0.0            0.0            0.0            0.0
 0.0            0.0            0.0            0.0            0.0
 0.0            0.0            0.0            0.0            0.0
 0.0            0.0            0.0            0.0            0.0
 0.0            0.0            0.0            0.0
 0.11518030E-04 0.10015619E-04 0.85433348E-05 0.71289746E-05 0.59874624E-05
 0.51891807E-05 0.46621567E-05 0.41987337E-05 0.38676867E-05 0.36664994E-05
 0.34940360E-05 0.33097931E-05 0.31194384E-05 0.29559856E-05 0.28012769E-05
 0.26397349E-05 0.24777003E-05 0.23407392E-05 0.22055076E-05 0.20669461E-05
 0.19439758E-05 0.18280590E-05 0.17091904E-05 0.15919252E-05 0.14894309E-05
 0.13885611E-05 0.12879622E-05 0.11948106E-05 0.11087920E-05 0.10248966E-05
 0.96897372E-06 0.90908958E-06 0.81937600E-06 0.74079401E-06 0.67766399E-06
 0.61902870E-06 0.56819056E-06 0.51960268E-06 0.47325128E-06 0.42967415E-06
 0.39178011E-06 0.35670254E-06 0.32369570E-06 0.29289279E-06 0.26452028E-06
 0.23885030E-06 0.21686232E-06 0.19691036E-06 0.17893731E-06 0.16300694E-06
 0.14919252E-06 0.13756541E-06 0.12816746E-06 0.12105757E-06 0.11605098E-06
 0.11353040E-06 0.11319730E-06 0.11573007E-06 0.12105487E-06 0.12967722E-06
 0.14176192E-06 0.15804849E-06 0.17884531E-06 0.20524800E-06 0.25673768E-06
 0.35442710E-06 0.49628426E-06 0.69653771E-06 0.10704642E-05 0.20139410E-05
  901  901    0
    0    0 0.00           0.00
 0.0            0.0            0.0            0.0            0.0
 0.0            0.0            0.0            0.0            0.0
 0.0            0.0            0.0            0.0            0.0
 0.0            0.0            0.0            0.0            0.0
 0.0            0.0            0.0            0.0            0.0
 0.0            0.0            0.0            0.0            0.0
 0.0            0.0            0.0            0.0            0.0
 0.0            0.0            0.0            0.0            0.0
 0.0            0.0            0.0            0.0            0.0
 0.0            0.0            0.0            0.0            0.0
 0.0            0.0            0.0            0.0            0.0
 0.0            0.0            0.0            0.0            0.0
 0.0            0.0            0.0            0.0            0.0
 0.0            0.0            0.0            0.0            0.0
 0.0            0.0            0.0            0.0            0.0
 0.0            0.0            0.0            0.0            0.0
 0.0            0.0            0.0            0.0            0.0
 0.0            0.0            0.0            0.0            0.0
 0.0            0.0            0.0            0.0
 0.0            0.0            0.0            0.0            0.0
 0.0            0.0            0.0            0.0            0.0
 0.0            0.0            0.0            0.0            0.0
 0.0            0.0            0.0            0.0            0.0
 0.0            0.0            0.0            0.0            0.0
 0.0            0.0            0.0            0.0            0.0
 0.0            0.0            0.0            0.0            0.0
 0.0            0.0            0.0            0.0            0.0
 0.0            0.0            0.0            0.0            0.0
 0.0            0.0            0.0            0.0            0.0
 0.0            0.0            0.0            0.0            0.0
 0.0            0.0            0.0            0.0            0.0
 0.0            0.0            0.0            0.0            0.0
 0.0            0.0            0.0            0.0            0.0
  902  902    0
    0    0 0.00           0.00
 0.0            0.0            0.0            0.0            0.0
 0.0            0.0            0.0            0.0            0.0
 0.0            0.0            0.0            0.0            0.0
 0.0            0.0            0.0            0.0            0.0
 0.0            0.0            0.0            0.0            0.0
 0.0            0.0            0.0            0.0            0.0
 0.0            0.0            0.0            0.0            0.0
 0.0            0.0            0.0            0.0            0.0
 0.0            0.0            0.0            0.0            0.0
 0.0            0.0            0.0            0.0            0.0
 0.0            0.0            0.0            0.0            0.0
 0.0            0.0            0.0            0.0            0.0
 0.0            0.0            0.0            0.0            0.0
 0.0            0.0            0.0            0.0            0.0
 0.0            0.0            0.0            0.0            0.0
 0.0            0.0            0.0            0.0            0.0
 0.0            0.0            0.0            0.0            0.0
 0.0            0.0            0.0            0.0            0.0
 0.0            0.0            0.0            0.0
 0.0            0.0            0.0            0.0            0.0
 0.0            0.0            0.0            0.0            0.0
 0.0            0.0            0.0            0.0            0.0
 0.0            0.0            0.0            0.0            0.0
 0.0            0.0            0.0            0.0            0.0
 0.0            0.0            0.0            0.0            0.0
 0.0            0.0            0.0            0.0            0.0
 0.0            0.0            0.0            0.0            0.0
 0.0            0.0            0.0            0.0            0.0
 0.0            0.0            0.0            0.0            0.0
 0.0            0.0            0.0            0.0            0.0
 0.0            0.0            0.0            0.0            0.0
 0.0            0.0            0.0            0.0            0.0
 0.0            0.0            0.0            0.0            0.0
  903  903    0
    0    0 0.00           0.00
 0.0            0.0            0.0            0.0            0.0
 0.0            0.0            0.0            0.0            0.0
 0.0            0.0            0.0            0.0            0.0
 0.0            0.0            0.0            0.0            0.0
 0.0            0.0            0.0            0.0            0.0
 0.0            0.0            0.0            0.0            0.0
 0.0            0.0            0.0            0.0            0.0
 0.0            0.0            0.0            0.0            0.0
 0.0            0.0            0.0            0.0            0.0
 0.0            0.0            0.0            0.0            0.0
 0.0            0.0            0.0            0.0            0.0
 0.0            0.0            0.0            0.0            0.0
 0.0            0.0            0.0            0.0            0.0
 0.0            0.0            0.0            0.0            0.0
 0.0            0.0            0.0            0.0            0.0
 0.0            0.0            0.0            0.0            0.0
 0.0            0.0            0.0            0.0            0.0
 0.0            0.0            0.0            0.0            0.0
 0.0            0.0            0.0            0.0
 0.0            0.0            0.0            0.0            0.0
 0.0            0.0            0.0            0.0            0.0
 0.0            0.0            0.0            0.0            0.0
 0.0            0.0            0.0            0.0            0.0
 0.0            0.0            0.0            0.0            0.0
 0.0            0.0            0.0            0.0            0.0
 0.0            0.0            0.0            0.0            0.0
 0.0            0.0            0.0            0.0            0.0
 0.0            0.0            0.0            0.0            0.0
 0.0            0.0            0.0            0.0            0.0
 0.0            0.0            0.0            0.0            0.0
 0.0            0.0            0.0            0.0            0.0
 0.0            0.0            0.0            0.0            0.0
 0.0            0.0            0.0            0.0            0.0
  904  904    0
    0    0 0.00           0.00
 0.0            0.0            0.0            0.0            0.0
 0.0            0.0            0.0            0.0            0.0
 0.0            0.0            0.0            0.0            0.0
 0.0            0.0            0.0            0.0            0.0
 0.0            0.0            0.0            0.0            0.0
 0.0            0.0            0.0            0.0            0.0
 0.0            0.0            0.0            0.0            0.0
 0.0            0.0            0.0            0.0            0.0
 0.0            0.0            0.0            0.0            0.0
 0.0            0.0            0.0            0.0            0.0
 0.0            0.0            0.0            0.0            0.0
 0.0            0.0            0.0            0.0            0.0
 0.0            0.0            0.0            0.0            0.0
 0.0            0.0            0.0            0.0            0.0
 0.0            0.0            0.0            0.0            0.0
 0.0            0.0            0.0            0.0            0.0
 0.0            0.0            0.0            0.0            0.0
 0.0            0.0            0.0            0.0            0.0
 0.0            0.0            0.0            0.0
 0.0            0.0            0.0            0.0            0.0
 0.0            0.0            0.0            0.0            0.0
 0.0            0.0            0.0            0.0            0.0
 0.0            0.0            0.0            0.0            0.0
 0.0            0.0            0.0            0.0            0.0
 0.0            0.0            0.0            0.0            0.0
 0.0            0.0            0.0            0.0            0.0
 0.0            0.0            0.0            0.0            0.0
 0.0            0.0            0.0            0.0            0.0
 0.0            0.0            0.0            0.0            0.0
 0.0            0.0            0.0            0.0            0.0
 0.0            0.0            0.0            0.0            0.0
 0.0            0.0            0.0            0.0            0.0
 0.0            0.0            0.0            0.0            0.0
  905  905    0
    0    0 0.00           0.00
 0.0            0.0            0.0            0.0            0.0
 0.0            0.0            0.0            0.0            0.0
 0.0            0.0            0.0            0.0            0.0
 0.0            0.0            0.0            0.0            0.0
 0.0            0.0            0.0            0.0            0.0
 0.0            0.0            0.0            0.0            0.0
 0.0            0.0            0.0            0.0            0.0
 0.0            0.0            0.0            0.0            0.0
 0.0            0.0            0.0            0.0            0.0
 0.0            0.0            0.0            0.0            0.0
 0.0            0.0            0.0            0.0            0.0
 0.0            0.0            0.0            0.0            0.0
 0.0            0.0            0.0            0.0            0.0
 0.0            0.0            0.0            0.0            0.0
 0.0            0.0            0.0            0.0            0.0
 0.0            0.0            0.0            0.0            0.0
 0.0            0.0            0.0            0.0            0.0
 0.0            0.0            0.0            0.0            0.0
 0.0            0.0            0.0            0.0
 0.0            0.0            0.0            0.0            0.0
 0.0            0.0            0.0            0.0            0.0
 0.0            0.0            0.0            0.0            0.0
 0.0            0.0            0.0            0.0            0.0
 0.0            0.0            0.0            0.0            0.0
 0.0            0.0            0.0            0.0            0.0
 0.0            0.0            0.0            0.0            0.0
 0.0            0.0            0.0            0.0            0.0
 0.0            0.0            0.0            0.0            0.0
 0.0            0.0            0.0            0.0            0.0
 0.0            0.0            0.0            0.0            0.0
 0.0            0.0            0.0            0.0            0.0
 0.0            0.0            0.0            0.0            0.0
 0.0            0.0            0.0            0.0            0.0
  906  906    0
    0    0 0.00           0.00
 0.0            0.0            0.0            0.0            0.0
 0.0            0.0            0.0            0.0            0.0
 0.0            0.0            0.0            0.0            0.0
 0.0            0.0            0.0            0.0            0.0
 0.0            0.0            0.0            0.0            0.0
 0.0            0.0            0.0            0.0            0.0
 0.0            0.0            0.0            0.0            0.0
 0.0            0.0            0.0            0.0            0.0
 0.0            0.0            0.0            0.0            0.0
 0.0            0.0            0.0            0.0            0.0
 0.0            0.0            0.0            0.0            0.0
 0.0            0.0            0.0            0.0            0.0
 0.0            0.0            0.0            0.0            0.0
 0.0            0.0            0.0            0.0            0.0
 0.0            0.0            0.0            0.0            0.0
 0.0            0.0            0.0            0.0            0.0
 0.0            0.0            0.0            0.0            0.0
 0.0            0.0            0.0            0.0            0.0
 0.0            0.0            0.0            0.0
 0.0            0.0            0.0            0.0            0.0
 0.0            0.0            0.0            0.0            0.0
 0.0            0.0            0.0            0.0            0.0
 0.0            0.0            0.0            0.0            0.0
 0.0            0.0            0.0            0.0            0.0
 0.0            0.0            0.0            0.0            0.0
 0.0            0.0            0.0            0.0            0.0
 0.0            0.0            0.0            0.0            0.0
 0.0            0.0            0.0            0.0            0.0
 0.0            0.0            0.0            0.0            0.0
 0.0            0.0            0.0            0.0            0.0
 0.0            0.0            0.0            0.0            0.0
 0.0            0.0            0.0            0.0            0.0
 0.0            0.0            0.0            0.0            0.0
  907  907    0
    0    0 0.00           0.00
 0.0            0.0            0.0            0.0            0.0
 0.0            0.0            0.0            0.0            0.0
 0.0            0.0            0.0            0.0            0.0
 0.0            0.0            0.0            0.0            0.0
 0.0            0.0            0.0            0.0            0.0
 0.0            0.0            0.0            0.0            0.0
 0.0            0.0            0.0            0.0            0.0
 0.0            0.0            0.0            0.0            0.0
 0.0            0.0            0.0            0.0            0.0
 0.0            0.0            0.0            0.0            0.0
 0.0            0.0            0.0            0.0            0.0
 0.0            0.0            0.0            0.0            0.0
 0.0            0.0            0.0            0.0            0.0
 0.0            0.0            0.0            0.0            0.0
 0.0            0.0            0.0            0.0            0.0
 0.0            0.0            0.0            0.0            0.0
 0.0            0.0            0.0            0.0            0.0
 0.0            0.0            0.0            0.0            0.0
 0.0            0.0            0.0            0.0
 0.0            0.0            0.0            0.0            0.0
 0.0            0.0            0.0            0.0            0.0
 0.0            0.0            0.0            0.0            0.0
 0.0            0.0            0.0            0.0            0.0
 0.0            0.0            0.0            0.0            0.0
 0.0            0.0            0.0            0.0            0.0
 0.0            0.0            0.0            0.0            0.0
 0.0            0.0            0.0            0.0            0.0
 0.0            0.0            0.0            0.0            0.0
 0.0            0.0            0.0            0.0            0.0
 0.0            0.0            0.0            0.0            0.0
 0.0            0.0            0.0            0.0            0.0
 0.0            0.0            0.0            0.0            0.0
 0.0            0.0            0.0            0.0            0.0
  908  908    0
    0    0 0.00           0.00
 0.0            0.0            0.0            0.0            0.0
 0.0            0.0            0.0            0.0            0.0
 0.0            0.0            0.0            0.0            0.0
 0.0            0.0            0.0            0.0            0.0
 0.0            0.0            0.0            0.0            0.0
 0.0            0.0            0.0            0.0            0.0
 0.0            0.0            0.0            0.0            0.0
 0.0            0.0            0.0            0.0            0.0
 0.0            0.0            0.0            0.0            0.0
 0.0            0.0            0.0            0.0            0.0
 0.0            0.0            0.0            0.0            0.0
 0.0            0.0            0.0            0.0            0.0
 0.0            0.0            0.0            0.0            0.0
 0.0            0.0            0.0            0.0            0.0
 0.0            0.0            0.0            0.0            0.0
 0.0            0.0            0.0            0.0            0.0
 0.0            0.0            0.0            0.0            0.0
 0.0            0.0            0.0            0.0            0.0
 0.0            0.0            0.0            0.0
 0.0            0.0            0.0            0.0            0.0
 0.0            0.0            0.0            0.0            0.0
 0.0            0.0            0.0            0.0            0.0
 0.0            0.0            0.0            0.0            0.0
 0.0            0.0            0.0            0.0            0.0
 0.0            0.0            0.0            0.0            0.0
 0.0            0.0            0.0            0.0            0.0
 0.0            0.0            0.0            0.0            0.0
 0.0            0.0            0.0            0.0            0.0
 0.0            0.0            0.0            0.0            0.0
 0.0            0.0            0.0            0.0            0.0
 0.0            0.0            0.0            0.0            0.0
 0.0            0.0            0.0            0.0            0.0
 0.0            0.0            0.0            0.0            0.0
  909  909    0
    0    0 0.00           0.00
 0.0            0.0            0.0            0.0            0.0
 0.0            0.0            0.0            0.0            0.0
 0.0            0.0            0.0            0.0            0.0
 0.0            0.0            0.0            0.0            0.0
 0.0            0.0            0.0            0.0            0.0
 0.0            0.0            0.0            0.0            0.0
 0.0            0.0            0.0            0.0            0.0
 0.0            0.0            0.0            0.0            0.0
 0.0            0.0            0.0            0.0            0.0
 0.0            0.0            0.0            0.0            0.0
 0.0            0.0            0.0            0.0            0.0
 0.0            0.0            0.0            0.0            0.0
 0.0            0.0            0.0            0.0            0.0
 0.0            0.0            0.0            0.0            0.0
 0.0            0.0            0.0            0.0            0.0
 0.0            0.0            0.0            0.0            0.0
 0.0            0.0            0.0            0.0            0.0
 0.0            0.0            0.0            0.0            0.0
 0.0            0.0            0.0            0.0
 0.0            0.0            0.0            0.0            0.0
 0.0            0.0            0.0            0.0            0.0
 0.0            0.0            0.0            0.0            0.0
 0.0            0.0            0.0            0.0            0.0
 0.0            0.0            0.0            0.0            0.0
 0.0            0.0            0.0            0.0            0.0
 0.0            0.0            0.0            0.0            0.0
 0.0            0.0            0.0            0.0            0.0
 0.0            0.0            0.0            0.0            0.0
 0.0            0.0            0.0            0.0            0.0
 0.0            0.0            0.0            0.0            0.0
 0.0            0.0            0.0            0.0            0.0
 0.0            0.0            0.0            0.0            0.0
 0.0            0.0            0.0            0.0            0.0
  910  910    0
    0    0 0.00           0.00
 0.0            0.0            0.0            0.0            0.0
 0.0            0.0            0.0            0.0            0.0
 0.0            0.0            0.0            0.0            0.0
 0.0            0.0            0.0            0.0            0.0
 0.0            0.0            0.0            0.0            0.0
 0.0            0.0            0.0            0.0            0.0
 0.0            0.0            0.0            0.0            0.0
 0.0            0.0            0.0            0.0            0.0
 0.0            0.0            0.0            0.0            0.0
 0.0            0.0            0.0            0.0            0.0
 0.0            0.0            0.0            0.0            0.0
 0.0            0.0            0.0            0.0            0.0
 0.0            0.0            0.0            0.0            0.0
 0.0            0.0            0.0            0.0            0.0
 0.0            0.0            0.0            0.0            0.0
 0.0            0.0            0.0            0.0            0.0
 0.0            0.0            0.0            0.0            0.0
 0.0            0.0            0.0            0.0            0.0
 0.0            0.0            0.0            0.0
 0.0            0.0            0.0            0.0            0.0
 0.0            0.0            0.0            0.0            0.0
 0.0            0.0            0.0            0.0            0.0
 0.0            0.0            0.0            0.0            0.0
 0.0            0.0            0.0            0.0            0.0
 0.0            0.0            0.0            0.0            0.0
 0.0            0.0            0.0            0.0            0.0
 0.0            0.0            0.0            0.0            0.0
 0.0            0.0            0.0            0.0            0.0
 0.0            0.0            0.0            0.0            0.0
 0.0            0.0            0.0            0.0            0.0
 0.0            0.0            0.0            0.0            0.0
 0.0            0.0            0.0            0.0            0.0
 0.0            0.0            0.0            0.0            0.0
  911  911    0
    0    0 0.00           0.00
 0.0            0.0            0.0            0.0            0.0
 0.0            0.0            0.0            0.0            0.0
 0.0            0.0            0.0            0.0            0.0
 0.0            0.0            0.0            0.0            0.0
 0.0            0.0            0.0            0.0            0.0
 0.0            0.0            0.0            0.0            0.0
 0.0            0.0            0.0            0.0            0.0
 0.0            0.0            0.0            0.0            0.0
 0.0            0.0            0.0            0.0            0.0
 0.0            0.0            0.0            0.0            0.0
 0.0            0.0            0.0            0.0            0.0
 0.0            0.0            0.0            0.0            0.0
 0.0            0.0            0.0            0.0            0.0
 0.0            0.0            0.0            0.0            0.0
 0.0            0.0            0.0            0.0            0.0
 0.0            0.0            0.0            0.0            0.0
 0.0            0.0            0.0            0.0            0.0
 0.0            0.0            0.0            0.0            0.0
 0.0            0.0            0.0            0.0
 0.0            0.0            0.0            0.0            0.0
 0.0            0.0            0.0            0.0            0.0
 0.0            0.0            0.0            0.0            0.0
 0.0            0.0            0.0            0.0            0.0
 0.0            0.0            0.0            0.0            0.0
 0.0            0.0            0.0            0.0            0.0
 0.0            0.0            0.0            0.0            0.0
 0.0            0.0            0.0            0.0            0.0
 0.0            0.0            0.0            0.0            0.0
 0.0            0.0            0.0            0.0            0.0
 0.0            0.0            0.0            0.0            0.0
 0.0            0.0            0.0            0.0            0.0
 0.0            0.0            0.0            0.0            0.0
 0.0            0.0            0.0            0.0            0.0
